Date,Price,RSI,STATUS,%,PROFIT,LOSS
08-23-2022,46.94,53.31,HOLD,0.00,0.00,0.00
08-22-2022,46.84,52.81,HOLD,0.00,0.00,0.00
08-19-2022,47.67,57.48,HOLD,0.00,0.00,0.00
08-18-2022,48.94,65.72,HOLD,0.00,0.00,0.00
08-17-2022,47.83,61.20,HOLD,0.00,0.00,0.00
08-16-2022,48.59,66.80,HOLD,0.00,0.00,0.00
08-15-2022,48.30,65.68,HOLD,0.00,0.00,0.00
08-12-2022,48.22,65.39,HOLD,0.00,0.00,0.00
08-11-2022,47.60,63.09,HOLD,0.00,0.00,0.00
08-10-2022,47.23,61.68,HOLD,0.00,0.00,0.00
08-09-2022,45.09,51.80,HOLD,0.00,0.00,0.00
08-08-2022,45.45,53.98,HOLD,0.00,0.00,0.00
08-05-2022,45.41,53.78,HOLD,0.00,0.00,0.00
08-04-2022,44.20,47.34,HOLD,0.00,0.00,0.00
08-03-2022,44.45,48.64,HOLD,0.00,0.00,0.00
08-02-2022,44.26,47.63,HOLD,0.00,0.00,0.00
08-01-2022,45.42,53.63,HOLD,0.00,0.00,0.00
07-29-2022,45.06,51.88,HOLD,0.00,0.00,0.00
07-28-2022,44.50,49.11,HOLD,0.00,0.00,0.00
07-27-2022,44.29,48.07,HOLD,0.00,0.00,0.00
07-26-2022,43.43,43.69,HOLD,0.00,0.00,0.00
07-25-2022,43.85,45.43,HOLD,0.00,0.00,0.00
07-22-2022,43.34,42.86,HOLD,0.00,0.00,0.00
07-21-2022,44.65,48.27,HOLD,0.00,0.00,0.00
07-20-2022,44.17,45.95,HOLD,0.00,0.00,0.00
07-19-2022,44.04,45.33,HOLD,0.00,0.00,0.00
07-18-2022,42.90,39.74,HOLD,0.00,0.00,0.00
07-15-2022,43.46,41.68,HOLD,0.00,0.00,0.00
07-14-2022,42.70,37.85,HOLD,0.00,0.00,0.00
07-13-2022,43.14,39.24,HOLD,0.00,0.00,0.00
07-12-2022,43.05,38.81,HOLD,0.00,0.00,0.00
07-11-2022,42.48,36.18,HOLD,0.00,0.00,0.00
07-08-2022,42.92,37.33,HOLD,0.00,0.00,0.00
07-07-2022,42.94,37.38,HOLD,0.00,0.00,0.00
07-06-2022,42.20,34.35,HOLD,0.00,0.00,0.00
07-05-2022,43.14,36.43,HOLD,0.00,0.00,0.00
07-01-2022,42.74,34.87,HOLD,0.00,0.00,0.00
06-30-2022,46.21,43.45,HOLD,0.00,0.00,0.00
06-29-2022,47.39,47.12,HOLD,0.00,0.00,0.00
06-28-2022,48.94,52.52,HOLD,0.00,0.00,0.00
06-27-2022,50.24,57.67,HOLD,0.00,0.00,0.00
06-24-2022,50.25,57.71,HOLD,0.00,0.00,0.00
06-23-2022,49.04,54.10,HOLD,0.00,0.00,0.00
06-22-2022,48.61,52.76,HOLD,0.00,0.00,0.00
06-21-2022,49.23,54.90,HOLD,0.00,0.00,0.00
06-17-2022,47.59,49.92,HOLD,0.00,0.00,0.00
06-16-2022,45.89,43.98,HOLD,0.00,0.00,0.00
06-15-2022,47.91,50.61,HOLD,0.00,0.00,0.00
06-14-2022,47.35,48.61,HOLD,0.00,0.00,0.00
06-13-2022,47.25,48.27,HOLD,0.00,0.00,0.00
06-10-2022,49.16,54.82,HOLD,0.00,0.00,0.00
06-09-2022,50.35,59.49,HOLD,0.00,0.00,0.00
06-08-2022,50.33,59.44,HOLD,0.00,0.00,0.00
06-07-2022,51.15,62.61,HOLD,0.00,0.00,0.00
06-06-2022,50.04,59.92,HOLD,0.00,0.00,0.00
06-03-2022,51.02,63.68,HOLD,0.00,0.00,0.00
06-02-2022,51.28,64.68,HOLD,0.00,0.00,0.00
06-01-2022,50.67,63.43,HOLD,0.00,0.00,0.00
05-31-2022,49.94,61.93,HOLD,0.00,0.00,0.00
05-27-2022,49.58,61.20,SELL,23.80,953.00,0.00
05-26-2022,43.93,46.24,HOLD,9.69,388.00,0.00
05-25-2022,43.30,44.00,HOLD,8.11,325.00,0.00
05-24-2022,40.88,34.24,HOLD,2.07,83.00,0.00
05-23-2022,41.22,35.03,HOLD,2.92,117.00,0.00
05-20-2022,40.05,29.82,BUY,0.00,,
05-19-2022,41.10,31.95,HOLD,0.00,0.00,0.00
05-18-2022,43.31,37.17,HOLD,0.00,0.00,0.00
05-17-2022,46.61,48.02,HOLD,0.00,0.00,0.00
05-16-2022,45.03,40.26,HOLD,0.00,0.00,0.00
05-13-2022,45.09,40.48,HOLD,0.00,0.00,0.00
05-12-2022,43.74,33.08,HOLD,0.00,0.00,0.00
05-11-2022,44.41,35.09,HOLD,0.00,0.00,0.00
05-10-2022,45.50,38.64,HOLD,0.00,0.00,0.00
05-09-2022,45.19,36.95,SELL,-12.18,0.00,-627.00
05-06-2022,45.58,38.18,HOLD,-11.43,0.00,-588.00
05-05-2022,47.26,44.00,HOLD,-8.16,0.00,-420.00
05-04-2022,48.81,50.62,HOLD,-5.15,0.00,-265.00
05-03-2022,47.85,45.94,HOLD,-7.02,0.00,-361.00
05-02-2022,47.50,44.15,HOLD,-7.70,0.00,-396.00
04-29-2022,47.01,41.64,HOLD,-8.65,0.00,-445.00
04-28-2022,48.12,45.99,HOLD,-6.49,0.00,-334.00
04-27-2022,46.55,37.40,HOLD,-9.54,0.00,-491.00
04-26-2022,46.51,37.16,HOLD,-9.62,0.00,-495.00
04-25-2022,47.27,39.82,HOLD,-8.14,0.00,-419.00
04-22-2022,46.87,37.64,HOLD,-8.92,0.00,-459.00
04-21-2022,48.21,42.41,HOLD,-6.32,0.00,-325.00
04-20-2022,49.00,45.57,HOLD,-4.78,0.00,-246.00
04-19-2022,47.99,40.29,HOLD,-6.74,0.00,-347.00
04-18-2022,47.44,37.20,HOLD,-7.81,0.00,-402.00
04-14-2022,46.94,34.34,HOLD,-8.78,0.00,-452.00
04-13-2022,47.31,35.45,HOLD,-8.06,0.00,-415.00
04-12-2022,47.10,34.33,HOLD,-8.47,0.00,-436.00
04-11-2022,46.95,33.57,HOLD,-8.76,0.00,-451.00
04-08-2022,47.39,34.66,HOLD,-7.91,0.00,-407.00
04-07-2022,47.69,35.40,HOLD,-7.33,0.00,-377.00
04-06-2022,47.12,32.89,HOLD,-8.43,0.00,-434.00
04-05-2022,48.66,36.44,HOLD,-5.44,0.00,-280.00
04-04-2022,49.38,38.23,HOLD,-4.04,0.00,-208.00
04-01-2022,48.80,35.87,HOLD,-5.17,0.00,-266.00
03-31-2022,50.19,39.20,HOLD,-2.47,0.00,-127.00
03-30-2022,54.32,52.67,HOLD,5.56,286.00,0.00
03-29-2022,55.03,55.73,HOLD,6.94,357.00,0.00
03-28-2022,54.30,53.13,HOLD,5.52,284.00,0.00
03-25-2022,54.79,55.15,HOLD,6.47,333.00,0.00
03-24-2022,53.51,50.60,HOLD,3.98,205.00,0.00
03-23-2022,52.60,47.05,HOLD,2.22,114.00,0.00
03-22-2022,52.99,48.44,HOLD,2.97,153.00,0.00
03-21-2022,52.32,45.90,HOLD,1.67,86.00,0.00
03-18-2022,51.83,44.03,HOLD,0.72,37.00,0.00
03-17-2022,50.51,38.73,HOLD,-1.85,0.00,-95.00
03-16-2022,51.97,42.90,HOLD,0.99,51.00,0.00
03-15-2022,52.08,43.23,HOLD,1.20,62.00,0.00
03-14-2022,50.74,37.90,HOLD,-1.40,0.00,-72.00
03-11-2022,52.01,41.31,HOLD,1.07,55.00,0.00
03-10-2022,51.97,41.16,HOLD,0.99,51.00,0.00
03-09-2022,51.98,41.18,HOLD,1.01,52.00,0.00
03-08-2022,50.24,34.71,HOLD,-2.37,0.00,-122.00
03-07-2022,49.33,31.02,HOLD,-4.14,0.00,-213.00
03-04-2022,51.96,36.56,HOLD,0.97,50.00,0.00
03-03-2022,52.59,38.07,HOLD,2.20,113.00,0.00
03-02-2022,53.60,40.57,HOLD,4.16,214.00,0.00
03-01-2022,49.88,23.37,HOLD,-3.07,0.00,-158.00
02-28-2022,50.96,25.35,HOLD,-0.97,0.00,-50.00
02-25-2022,51.46,26.30,BUY,0.00,,
02-24-2022,55.84,37.97,HOLD,0.00,0.00,0.00
02-23-2022,56.78,41.65,HOLD,0.00,0.00,0.00
02-22-2022,57.13,43.09,HOLD,0.00,0.00,0.00
02-18-2022,58.90,51.47,HOLD,0.00,0.00,0.00
02-17-2022,59.26,53.43,HOLD,0.00,0.00,0.00
02-16-2022,60.29,59.46,HOLD,0.00,0.00,0.00
02-15-2022,59.82,57.43,HOLD,0.00,0.00,0.00
02-14-2022,58.60,51.57,HOLD,0.00,0.00,0.00
02-11-2022,59.51,57.00,HOLD,0.00,0.00,0.00
02-10-2022,60.72,65.52,HOLD,0.00,0.00,0.00
02-09-2022,60.77,65.90,HOLD,0.00,0.00,0.00
02-08-2022,59.95,62.61,HOLD,0.00,0.00,0.00
02-07-2022,58.96,58.09,HOLD,0.00,0.00,0.00
02-04-2022,58.74,57.01,HOLD,0.00,0.00,0.00
02-03-2022,59.20,60.00,HOLD,0.00,0.00,0.00
02-02-2022,59.40,61.29,HOLD,0.00,0.00,0.00
02-01-2022,58.57,57.78,HOLD,0.00,0.00,0.00
01-31-2022,56.81,48.60,HOLD,0.00,0.00,0.00
01-28-2022,56.24,45.00,HOLD,0.00,0.00,0.00
01-27-2022,55.45,39.56,HOLD,0.00,0.00,0.00
01-26-2022,55.34,38.78,HOLD,0.00,0.00,0.00
01-25-2022,55.44,39.21,HOLD,0.00,0.00,0.00
01-24-2022,55.42,39.08,HOLD,0.00,0.00,0.00
01-21-2022,55.57,39.65,HOLD,0.00,0.00,0.00
01-20-2022,57.40,47.47,HOLD,0.00,0.00,0.00
01-19-2022,57.96,50.29,HOLD,0.00,0.00,0.00
01-18-2022,59.48,59.14,HOLD,0.00,0.00,0.00
01-14-2022,60.53,66.67,HOLD,0.00,0.00,0.00
01-13-2022,60.17,65.27,HOLD,0.00,0.00,0.00
01-12-2022,59.95,64.41,HOLD,0.00,0.00,0.00
01-11-2022,60.25,66.48,HOLD,0.00,0.00,0.00
01-10-2022,59.88,65.20,HOLD,0.00,0.00,0.00
01-07-2022,57.99,57.51,HOLD,0.00,0.00,0.00
01-06-2022,58.04,57.83,HOLD,0.00,0.00,0.00
01-05-2022,57.98,57.57,HOLD,0.00,0.00,0.00
01-04-2022,58.49,60.49,HOLD,0.00,0.00,0.00
01-03-2022,56.98,54.08,HOLD,0.00,0.00,0.00
12-31-2021,56.17,50.05,HOLD,0.00,0.00,0.00
12-30-2021,56.51,51.83,HOLD,0.00,0.00,0.00
12-29-2021,57.05,54.68,HOLD,0.00,0.00,0.00
12-28-2021,56.95,54.25,HOLD,0.00,0.00,0.00
12-27-2021,56.60,52.78,HOLD,0.00,0.00,0.00
12-23-2021,55.88,49.69,HOLD,0.00,0.00,0.00
12-22-2021,55.37,47.43,HOLD,0.00,0.00,0.00
12-21-2021,55.45,47.75,HOLD,0.00,0.00,0.00
12-20-2021,53.60,39.14,HOLD,0.00,0.00,0.00
12-17-2021,54.65,42.86,HOLD,0.00,0.00,0.00
12-16-2021,54.99,44.12,HOLD,0.00,0.00,0.00
12-15-2021,56.04,48.19,HOLD,0.00,0.00,0.00
12-14-2021,54.63,41.46,HOLD,0.00,0.00,0.00
12-13-2021,55.72,45.72,HOLD,0.00,0.00,0.00
12-10-2021,57.60,54.73,HOLD,0.00,0.00,0.00
12-09-2021,57.65,55.00,HOLD,0.00,0.00,0.00
12-08-2021,58.40,59.02,HOLD,0.00,0.00,0.00
12-07-2021,58.91,61.88,HOLD,0.00,0.00,0.00
12-06-2021,58.75,61.33,HOLD,0.00,0.00,0.00
12-03-2021,58.48,60.45,HOLD,0.00,0.00,0.00
12-02-2021,57.15,55.81,HOLD,0.00,0.00,0.00
12-01-2021,55.70,49.87,HOLD,0.00,0.00,0.00
11-30-2021,56.47,53.41,HOLD,0.00,0.00,0.00
11-29-2021,57.57,58.97,HOLD,0.00,0.00,0.00
11-26-2021,56.18,53.26,HOLD,0.00,0.00,0.00
11-24-2021,57.30,59.45,HOLD,0.00,0.00,0.00
11-23-2021,54.67,45.69,HOLD,0.00,0.00,0.00
11-22-2021,55.13,48.36,HOLD,0.00,0.00,0.00
11-19-2021,55.02,47.68,HOLD,0.00,0.00,0.00
11-18-2021,55.90,52.83,HOLD,0.00,0.00,0.00
11-17-2021,56.00,53.44,HOLD,0.00,0.00,0.00
11-16-2021,56.70,57.77,HOLD,0.00,0.00,0.00
11-15-2021,56.70,57.77,HOLD,0.00,0.00,0.00
11-12-2021,56.00,54.60,HOLD,0.00,0.00,0.00
11-11-2021,56.19,55.65,HOLD,0.00,0.00,0.00
11-10-2021,56.62,58.00,HOLD,0.00,0.00,0.00
11-09-2021,56.08,55.82,HOLD,0.00,0.00,0.00
11-08-2021,55.53,53.55,HOLD,0.00,0.00,0.00
11-05-2021,56.36,57.71,HOLD,0.00,0.00,0.00
11-04-2021,54.57,49.91,HOLD,0.00,0.00,0.00
11-03-2021,55.20,53.11,HOLD,0.00,0.00,0.00
11-02-2021,54.61,50.34,HOLD,0.00,0.00,0.00
11-01-2021,56.52,61.21,HOLD,0.00,0.00,0.00
10-29-2021,55.75,57.79,HOLD,0.00,0.00,0.00
10-28-2021,55.79,58.07,HOLD,0.00,0.00,0.00
10-27-2021,54.94,54.19,HOLD,0.00,0.00,0.00
10-26-2021,55.86,59.72,HOLD,0.00,0.00,0.00
10-25-2021,56.91,66.99,HOLD,0.00,0.00,0.00
10-22-2021,58.05,76.32,HOLD,0.00,0.00,0.00
10-21-2021,57.26,73.99,HOLD,0.00,0.00,0.00
10-20-2021,56.58,71.76,HOLD,0.00,0.00,0.00
10-19-2021,56.16,70.32,HOLD,0.00,0.00,0.00
10-18-2021,55.07,66.09,HOLD,0.00,0.00,0.00
10-15-2021,54.59,64.02,HOLD,0.00,0.00,0.00
10-14-2021,53.73,59.89,HOLD,0.00,0.00,0.00
10-13-2021,52.55,53.09,HOLD,0.00,0.00,0.00
10-12-2021,52.58,53.35,HOLD,0.00,0.00,0.00
10-11-2021,53.32,58.73,HOLD,0.00,0.00,0.00
10-08-2021,53.25,58.35,HOLD,0.00,0.00,0.00
10-07-2021,54.26,66.35,HOLD,0.00,0.00,0.00
10-06-2021,53.47,62.65,HOLD,0.00,0.00,0.00
10-05-2021,53.69,64.48,HOLD,0.00,0.00,0.00
10-04-2021,53.34,62.86,HOLD,0.00,0.00,0.00
10-01-2021,53.61,65.01,HOLD,0.00,0.00,0.00
09-30-2021,52.73,61.03,HOLD,0.00,0.00,0.00
09-29-2021,53.41,66.44,HOLD,0.00,0.00,0.00
09-28-2021,53.37,66.25,HOLD,0.00,0.00,0.00
09-27-2021,53.15,65.42,HOLD,0.00,0.00,0.00
09-24-2021,52.65,63.44,HOLD,0.00,0.00,0.00
09-23-2021,52.05,60.95,HOLD,0.00,0.00,0.00
09-22-2021,50.31,52.29,HOLD,0.00,0.00,0.00
09-21-2021,50.35,52.51,HOLD,0.00,0.00,0.00
09-20-2021,51.13,57.45,HOLD,0.00,0.00,0.00
09-17-2021,50.95,56.60,HOLD,0.00,0.00,0.00
09-16-2021,51.39,59.40,HOLD,0.00,0.00,0.00
09-15-2021,50.91,57.24,HOLD,0.00,0.00,0.00
09-14-2021,49.39,49.42,HOLD,0.00,0.00,0.00
09-13-2021,50.12,53.84,HOLD,0.00,0.00,0.00
09-10-2021,48.27,41.64,HOLD,0.00,0.00,0.00
09-09-2021,48.85,45.10,HOLD,0.00,0.00,0.00
09-08-2021,48.09,38.95,HOLD,0.00,0.00,0.00
09-07-2021,48.66,42.25,HOLD,0.00,0.00,0.00
09-03-2021,49.23,45.90,HOLD,0.00,0.00,0.00
09-02-2021,49.20,45.63,HOLD,0.00,0.00,0.00
09-01-2021,49.04,44.45,HOLD,0.00,0.00,0.00
08-31-2021,49.40,46.52,HOLD,0.00,0.00,0.00
08-30-2021,49.75,48.57,HOLD,0.00,0.00,0.00
08-27-2021,49.14,44.64,HOLD,0.00,0.00,0.00
08-26-2021,51.47,61.30,HOLD,0.00,0.00,0.00
08-25-2021,51.73,63.75,HOLD,0.00,0.00,0.00
08-24-2021,51.06,59.90,HOLD,0.00,0.00,0.00
08-23-2021,50.75,57.95,HOLD,0.00,0.00,0.00
08-20-2021,49.92,52.33,HOLD,0.00,0.00,0.00
08-19-2021,48.77,42.25,HOLD,0.00,0.00,0.00
08-18-2021,49.14,45.12,HOLD,0.00,0.00,0.00
08-17-2021,49.58,48.70,HOLD,0.00,0.00,0.00
08-16-2021,50.51,57.76,HOLD,0.00,0.00,0.00
08-13-2021,50.70,59.90,HOLD,0.00,0.00,0.00
08-12-2021,50.94,62.63,HOLD,0.00,0.00,0.00
08-11-2021,50.87,62.17,HOLD,0.00,0.00,0.00
08-10-2021,49.88,54.87,HOLD,0.00,0.00,0.00
08-09-2021,49.92,55.28,HOLD,0.00,0.00,0.00
08-06-2021,49.94,55.47,HOLD,0.00,0.00,0.00
08-05-2021,49.84,54.74,HOLD,0.00,0.00,0.00
08-04-2021,49.36,51.24,HOLD,0.00,0.00,0.00
08-03-2021,49.89,55.61,HOLD,0.00,0.00,0.00
08-02-2021,48.80,46.97,HOLD,0.00,0.00,0.00
07-30-2021,48.97,48.32,HOLD,0.00,0.00,0.00
07-29-2021,49.06,48.99,HOLD,0.00,0.00,0.00
07-28-2021,48.60,45.24,HOLD,0.00,0.00,0.00
07-27-2021,48.71,45.98,HOLD,0.00,0.00,0.00
07-26-2021,48.89,47.19,HOLD,0.00,0.00,0.00
07-23-2021,48.94,47.48,HOLD,0.00,0.00,0.00
07-22-2021,48.63,45.36,HOLD,0.00,0.00,0.00
07-21-2021,48.76,46.13,HOLD,0.00,0.00,0.00
07-20-2021,48.34,43.36,HOLD,0.00,0.00,0.00
07-19-2021,47.08,34.06,HOLD,0.00,0.00,0.00
07-16-2021,46.78,31.59,HOLD,0.00,0.00,0.00
07-15-2021,47.46,34.32,HOLD,0.00,0.00,0.00
07-14-2021,47.34,33.37,HOLD,0.00,0.00,0.00
07-13-2021,47.52,34.06,HOLD,0.00,0.00,0.00
07-12-2021,49.23,41.49,HOLD,0.00,0.00,0.00
07-09-2021,50.81,51.08,HOLD,0.00,0.00,0.00
07-08-2021,50.18,46.48,HOLD,0.00,0.00,0.00
07-07-2021,50.43,48.12,HOLD,0.00,0.00,0.00
07-06-2021,49.86,43.90,HOLD,0.00,0.00,0.00
07-02-2021,50.36,47.08,HOLD,0.00,0.00,0.00
07-01-2021,50.02,44.55,HOLD,0.00,0.00,0.00
06-30-2021,50.52,47.59,HOLD,0.00,0.00,0.00
06-29-2021,51.80,56.93,HOLD,0.00,0.00,0.00
06-28-2021,50.56,47.71,HOLD,0.00,0.00,0.00
06-25-2021,50.43,46.62,HOLD,0.00,0.00,0.00
06-24-2021,50.22,44.84,HOLD,0.00,0.00,0.00
06-23-2021,50.29,45.31,HOLD,0.00,0.00,0.00
06-22-2021,50.56,47.07,HOLD,0.00,0.00,0.00
06-21-2021,50.68,47.84,HOLD,0.00,0.00,0.00
06-18-2021,49.96,42.67,HOLD,0.00,0.00,0.00
06-17-2021,50.51,45.85,HOLD,0.00,0.00,0.00
06-16-2021,52.08,57.26,HOLD,0.00,0.00,0.00
06-15-2021,52.13,57.73,HOLD,0.00,0.00,0.00
06-14-2021,52.07,57.37,HOLD,0.00,0.00,0.00
06-11-2021,52.70,62.43,HOLD,0.00,0.00,0.00
06-10-2021,52.61,61.95,HOLD,0.00,0.00,0.00
06-09-2021,52.69,62.61,HOLD,0.00,0.00,0.00
06-08-2021,52.67,62.50,HOLD,0.00,0.00,0.00
06-07-2021,52.12,60.19,HOLD,0.00,0.00,0.00
06-04-2021,52.47,62.50,HOLD,0.00,0.00,0.00
06-03-2021,51.53,58.50,HOLD,0.00,0.00,0.00
06-02-2021,51.08,56.49,HOLD,0.00,0.00,0.00
06-01-2021,52.13,63.20,HOLD,0.00,0.00,0.00
05-28-2021,49.99,52.49,HOLD,0.00,0.00,0.00
05-27-2021,50.53,56.33,HOLD,0.00,0.00,0.00
05-26-2021,50.51,56.21,HOLD,0.00,0.00,0.00
05-25-2021,50.44,55.82,HOLD,0.00,0.00,0.00
05-24-2021,50.76,57.85,HOLD,0.00,0.00,0.00
05-21-2021,49.91,53.70,HOLD,0.00,0.00,0.00
05-20-2021,49.98,54.12,HOLD,0.00,0.00,0.00
05-19-2021,49.06,49.42,HOLD,0.00,0.00,0.00
05-18-2021,49.75,53.19,HOLD,0.00,0.00,0.00
05-17-2021,49.87,53.87,HOLD,0.00,0.00,0.00
05-14-2021,49.89,53.97,HOLD,0.00,0.00,0.00
05-13-2021,48.86,49.25,HOLD,0.00,0.00,0.00
05-12-2021,47.69,43.07,HOLD,0.00,0.00,0.00
05-11-2021,49.58,52.69,HOLD,0.00,0.00,0.00
05-10-2021,50.52,58.76,HOLD,0.00,0.00,0.00
05-07-2021,51.22,63.83,HOLD,0.00,0.00,0.00
05-06-2021,50.57,60.90,HOLD,0.00,0.00,0.00
05-05-2021,49.87,57.51,HOLD,0.00,0.00,0.00
05-04-2021,48.92,52.23,HOLD,0.00,0.00,0.00
05-03-2021,49.56,56.61,HOLD,0.00,0.00,0.00
04-30-2021,49.84,58.60,HOLD,0.00,0.00,0.00
04-29-2021,50.68,65.05,HOLD,0.00,0.00,0.00
04-28-2021,50.39,63.77,HOLD,0.00,0.00,0.00
04-27-2021,51.04,69.02,HOLD,0.00,0.00,0.00
04-26-2021,50.88,68.40,HOLD,0.00,0.00,0.00
04-23-2021,51.40,72.59,HOLD,0.00,0.00,0.00
04-22-2021,50.93,71.12,HOLD,0.00,0.00,0.00
04-21-2021,51.40,74.85,HOLD,0.00,0.00,0.00
04-20-2021,51.43,75.13,HOLD,0.00,0.00,0.00
04-19-2021,52.42,83.07,HOLD,0.00,0.00,0.00
04-16-2021,51.40,81.16,HOLD,0.00,0.00,0.00
04-15-2021,50.14,78.33,HOLD,0.00,0.00,0.00
04-14-2021,46.98,66.80,HOLD,0.00,0.00,0.00
04-13-2021,46.90,66.35,HOLD,0.00,0.00,0.00
04-12-2021,47.36,71.25,HOLD,0.00,0.00,0.00
04-09-2021,47.58,73.61,HOLD,0.00,0.00,0.00
04-08-2021,46.92,70.90,HOLD,0.00,0.00,0.00
04-07-2021,46.38,68.43,HOLD,0.00,0.00,0.00
04-06-2021,45.35,62.87,HOLD,0.00,0.00,0.00
04-05-2021,45.29,62.51,HOLD,0.00,0.00,0.00
04-01-2021,45.15,61.70,HOLD,0.00,0.00,0.00
03-31-2021,44.68,58.96,HOLD,0.00,0.00,0.00
03-30-2021,44.90,60.87,HOLD,0.00,0.00,0.00
03-29-2021,44.71,59.83,HOLD,0.00,0.00,0.00
03-26-2021,45.10,63.03,HOLD,0.00,0.00,0.00
03-25-2021,43.58,54.29,HOLD,0.00,0.00,0.00
03-24-2021,43.77,55.76,HOLD,0.00,0.00,0.00
03-23-2021,43.46,53.82,HOLD,0.00,0.00,0.00
03-22-2021,44.27,60.36,HOLD,0.00,0.00,0.00
03-19-2021,44.41,61.57,HOLD,0.00,0.00,0.00
03-18-2021,44.66,63.61,HOLD,0.00,0.00,0.00
03-17-2021,46.26,79.80,HOLD,0.00,0.00,0.00
03-16-2021,45.15,75.84,HOLD,0.00,0.00,0.00
03-15-2021,45.26,77.24,HOLD,0.00,0.00,0.00
03-12-2021,45.02,76.35,HOLD,0.00,0.00,0.00
03-11-2021,44.92,75.99,HOLD,0.00,0.00,0.00
03-10-2021,44.44,74.27,HOLD,0.00,0.00,0.00
03-09-2021,43.84,71.90,HOLD,0.00,0.00,0.00
03-08-2021,43.14,68.80,HOLD,0.00,0.00,0.00
03-05-2021,43.26,70.05,HOLD,0.00,0.00,0.00
03-04-2021,41.97,63.53,HOLD,0.00,0.00,0.00
03-03-2021,42.37,67.83,HOLD,0.00,0.00,0.00
03-02-2021,41.92,65.41,HOLD,0.00,0.00,0.00
03-01-2021,42.11,67.42,HOLD,0.00,0.00,0.00
02-26-2021,41.09,61.59,HOLD,0.00,0.00,0.00
02-25-2021,40.39,56.64,HOLD,0.00,0.00,0.00
02-24-2021,41.40,68.50,HOLD,0.00,0.00,0.00
02-23-2021,40.83,64.63,HOLD,0.00,0.00,0.00
02-22-2021,40.94,66.03,HOLD,0.00,0.00,0.00
02-19-2021,40.94,66.03,HOLD,0.00,0.00,0.00
02-18-2021,40.39,62.43,HOLD,0.00,0.00,0.00
02-17-2021,40.17,60.89,HOLD,0.00,0.00,0.00
02-16-2021,40.26,61.87,HOLD,0.00,0.00,0.00
02-12-2021,40.57,65.18,HOLD,0.00,0.00,0.00
02-11-2021,40.29,63.55,HOLD,0.00,0.00,0.00
02-10-2021,40.33,63.96,HOLD,0.00,0.00,0.00
02-09-2021,40.34,64.00,HOLD,0.00,0.00,0.00
02-08-2021,40.52,65.58,HOLD,0.00,0.00,0.00
02-05-2021,40.35,64.82,HOLD,0.00,0.00,0.00
02-04-2021,40.20,64.15,HOLD,0.00,0.00,0.00
02-03-2021,39.41,60.54,HOLD,0.00,0.00,0.00
02-02-2021,39.11,59.11,HOLD,0.00,0.00,0.00
02-01-2021,37.48,49.77,HOLD,0.00,0.00,0.00
01-29-2021,36.94,46.00,HOLD,0.00,0.00,0.00
01-28-2021,37.47,49.34,HOLD,0.00,0.00,0.00
01-27-2021,37.44,49.14,HOLD,0.00,0.00,0.00
01-26-2021,38.54,56.69,HOLD,0.00,0.00,0.00
01-25-2021,38.36,55.65,HOLD,0.00,0.00,0.00
01-22-2021,38.49,56.56,HOLD,0.00,0.00,0.00
01-21-2021,38.98,59.94,HOLD,0.00,0.00,0.00
01-20-2021,39.05,60.47,HOLD,0.00,0.00,0.00
01-19-2021,37.94,55.15,HOLD,0.00,0.00,0.00
01-15-2021,37.64,53.56,HOLD,0.00,0.00,0.00
01-14-2021,37.13,50.83,HOLD,0.00,0.00,0.00
01-13-2021,36.10,44.83,HOLD,0.00,0.00,0.00
01-12-2021,38.90,64.98,HOLD,0.00,0.00,0.00
01-11-2021,38.33,61.73,HOLD,0.00,0.00,0.00
01-08-2021,39.14,70.31,HOLD,0.00,0.00,0.00
01-07-2021,38.69,68.03,HOLD,0.00,0.00,0.00
01-06-2021,37.54,60.81,HOLD,0.00,0.00,0.00
01-05-2021,37.23,58.47,HOLD,0.00,0.00,0.00
01-04-2021,36.74,54.46,HOLD,0.00,0.00,0.00
12-31-2020,37.15,58.81,HOLD,0.00,0.00,0.00
12-30-2020,36.75,55.55,HOLD,0.00,0.00,0.00
12-29-2020,36.24,51.00,HOLD,0.00,0.00,0.00
12-28-2020,36.92,58.52,HOLD,0.00,0.00,0.00
12-24-2020,36.99,59.36,HOLD,0.00,0.00,0.00
12-23-2020,37.20,61.78,HOLD,0.00,0.00,0.00
12-22-2020,36.86,59.26,HOLD,0.00,0.00,0.00
12-21-2020,37.03,61.10,HOLD,0.00,0.00,0.00
12-18-2020,36.96,60.62,HOLD,0.00,0.00,0.00
12-17-2020,37.87,71.09,HOLD,0.00,0.00,0.00
12-16-2020,37.44,68.73,HOLD,0.00,0.00,0.00
12-15-2020,37.37,68.36,HOLD,0.00,0.00,0.00
12-14-2020,36.71,64.43,HOLD,0.00,0.00,0.00
12-11-2020,36.31,61.76,HOLD,0.00,0.00,0.00
12-10-2020,36.57,64.73,HOLD,0.00,0.00,0.00
12-09-2020,36.25,62.71,HOLD,0.00,0.00,0.00
12-08-2020,36.43,64.56,HOLD,0.00,0.00,0.00
12-07-2020,35.67,59.73,HOLD,0.00,0.00,0.00
12-04-2020,36.54,69.94,HOLD,0.00,0.00,0.00
12-03-2020,35.94,66.23,HOLD,0.00,0.00,0.00
12-02-2020,35.74,64.92,HOLD,0.00,0.00,0.00
12-01-2020,35.74,64.92,HOLD,0.00,0.00,0.00
11-30-2020,34.99,59.75,HOLD,0.00,0.00,0.00
11-27-2020,35.39,64.42,HOLD,0.00,0.00,0.00
11-25-2020,35.15,62.81,HOLD,0.00,0.00,0.00
11-24-2020,35.65,68.83,HOLD,0.00,0.00,0.00
11-23-2020,35.16,65.89,SELL,14.30,439.94,0.00
11-20-2020,34.64,62.27,HOLD,12.59,387.23,0.00
11-19-2020,34.72,63.23,HOLD,12.85,395.34,0.00
11-18-2020,34.26,60.01,HOLD,11.37,349.72,0.00
11-17-2020,34.39,61.46,HOLD,11.80,362.90,0.00
11-16-2020,34.14,59.69,HOLD,10.96,337.05,0.00
11-13-2020,33.51,55.05,HOLD,8.91,274.20,0.00
11-12-2020,32.65,47.38,HOLD,6.13,188.55,0.00
11-11-2020,32.88,49.51,HOLD,6.89,211.86,0.00
11-10-2020,32.75,48.24,HOLD,6.44,198.18,0.00
11-09-2020,32.56,46.53,HOLD,5.83,179.42,0.00
11-06-2020,32.74,47.92,HOLD,6.41,197.16,0.00
11-05-2020,32.70,47.59,HOLD,6.28,193.11,0.00
11-04-2020,31.54,36.90,HOLD,2.52,77.55,0.00
11-03-2020,31.30,34.28,HOLD,1.73,53.22,0.00
11-02-2020,30.56,25.55,HOLD,-0.68,0.00,-20.78
10-30-2020,30.54,25.37,HOLD,-0.72,0.00,-22.30
10-29-2020,30.67,25.89,HOLD,-0.30,0.00,-9.12
10-28-2020,30.77,26.25,BUY,0.00,,
10-27-2020,32.22,32.86,HOLD,0.00,0.00,0.00
10-26-2020,32.81,36.33,HOLD,0.00,0.00,0.00
10-23-2020,34.56,51.03,HOLD,0.00,0.00,0.00
10-22-2020,34.86,54.61,HOLD,0.00,0.00,0.00
10-21-2020,35.39,61.64,HOLD,0.00,0.00,0.00
10-20-2020,35.18,59.71,HOLD,0.00,0.00,0.00
10-19-2020,35.23,60.31,HOLD,0.00,0.00,0.00
10-16-2020,35.55,64.69,HOLD,0.00,0.00,0.00
10-15-2020,35.50,64.28,HOLD,0.00,0.00,0.00
10-14-2020,35.81,68.34,HOLD,0.00,0.00,0.00
10-13-2020,35.74,67.91,HOLD,0.00,0.00,0.00
10-12-2020,35.10,63.78,HOLD,0.00,0.00,0.00
10-09-2020,34.66,60.57,HOLD,0.00,0.00,0.00
10-08-2020,34.80,62.17,HOLD,0.00,0.00,0.00
10-07-2020,34.17,57.30,HOLD,0.00,0.00,0.00
10-06-2020,34.20,57.69,HOLD,0.00,0.00,0.00
10-05-2020,34.57,61.72,HOLD,0.00,0.00,0.00
10-02-2020,34.04,57.78,HOLD,0.00,0.00,0.00
10-01-2020,34.23,59.85,HOLD,0.00,0.00,0.00
09-30-2020,34.31,60.64,HOLD,0.00,0.00,0.00
09-29-2020,34.67,64.41,HOLD,0.00,0.00,0.00
09-28-2020,34.12,60.95,HOLD,0.00,0.00,0.00
09-25-2020,33.31,55.03,HOLD,0.00,0.00,0.00
09-24-2020,33.13,53.60,HOLD,0.00,0.00,0.00
09-23-2020,33.25,54.71,HOLD,0.00,0.00,0.00
09-22-2020,33.61,57.97,HOLD,0.00,0.00,0.00
09-21-2020,33.20,55.09,HOLD,0.00,0.00,0.00
09-18-2020,33.64,59.13,HOLD,0.00,0.00,0.00
09-17-2020,33.74,60.03,HOLD,0.00,0.00,0.00
09-16-2020,34.15,63.84,HOLD,0.00,0.00,0.00
09-15-2020,34.01,63.11,HOLD,0.00,0.00,0.00
09-14-2020,33.88,62.47,HOLD,0.00,0.00,0.00
09-11-2020,33.65,61.31,HOLD,0.00,0.00,0.00
09-10-2020,33.17,58.87,HOLD,0.00,0.00,0.00
09-09-2020,33.88,64.42,HOLD,0.00,0.00,0.00
09-08-2020,32.51,57.22,HOLD,0.00,0.00,0.00
09-04-2020,32.77,59.29,HOLD,0.00,0.00,0.00
09-03-2020,33.22,63.07,HOLD,0.00,0.00,0.00
09-02-2020,34.70,78.31,HOLD,0.00,0.00,0.00
09-01-2020,33.64,74.15,HOLD,0.00,0.00,0.00
08-31-2020,33.49,73.50,HOLD,0.00,0.00,0.00
08-28-2020,33.56,74.28,HOLD,0.00,0.00,0.00
08-27-2020,31.64,63.97,HOLD,0.00,0.00,0.00
08-26-2020,31.49,62.87,HOLD,0.00,0.00,0.00
08-25-2020,30.73,56.81,HOLD,0.00,0.00,0.00
08-24-2020,31.20,62.68,HOLD,0.00,0.00,0.00
08-21-2020,30.64,57.84,HOLD,0.00,0.00,0.00
08-20-2020,30.24,53.80,HOLD,0.00,0.00,0.00
08-19-2020,30.33,54.96,HOLD,0.00,0.00,0.00
08-18-2020,30.42,55.96,HOLD,0.00,0.00,0.00
08-17-2020,30.25,54.46,HOLD,0.00,0.00,0.00
08-14-2020,30.36,55.64,HOLD,0.00,0.00,0.00
08-13-2020,30.19,54.18,HOLD,0.00,0.00,0.00
08-12-2020,31.34,67.56,HOLD,0.00,0.00,0.00
08-11-2020,31.19,66.58,HOLD,0.00,0.00,0.00
08-10-2020,31.34,68.50,HOLD,0.00,0.00,0.00
08-07-2020,30.82,65.19,HOLD,0.00,0.00,0.00
08-06-2020,30.89,66.13,HOLD,0.00,0.00,0.00
08-05-2020,30.72,65.07,HOLD,0.00,0.00,0.00
08-04-2020,30.57,64.18,HOLD,0.00,0.00,0.00
08-03-2020,30.65,65.03,HOLD,0.00,0.00,0.00
07-31-2020,30.32,63.20,HOLD,0.00,0.00,0.00
07-30-2020,29.98,61.25,HOLD,0.00,0.00,0.00
07-29-2020,30.25,63.72,HOLD,0.00,0.00,0.00
07-28-2020,30.09,62.88,HOLD,0.00,0.00,0.00
07-27-2020,30.90,70.40,HOLD,0.00,0.00,0.00
07-24-2020,30.82,70.06,HOLD,0.00,0.00,0.00
07-23-2020,31.18,73.53,HOLD,0.00,0.00,0.00
07-22-2020,31.30,74.68,HOLD,0.00,0.00,0.00
07-21-2020,30.95,73.56,HOLD,0.00,0.00,0.00
07-20-2020,31.15,75.27,HOLD,0.00,0.00,0.00
07-17-2020,30.60,73.70,HOLD,0.00,0.00,0.00
07-16-2020,29.95,71.73,HOLD,0.00,0.00,0.00
07-15-2020,26.70,56.45,HOLD,0.00,0.00,0.00
07-14-2020,26.61,55.82,HOLD,0.00,0.00,0.00
07-13-2020,26.24,53.31,HOLD,0.00,0.00,0.00
07-10-2020,27.08,60.58,HOLD,0.00,0.00,0.00
07-09-2020,27.21,61.81,HOLD,0.00,0.00,0.00
07-08-2020,27.45,63.94,HOLD,0.00,0.00,0.00
07-07-2020,26.84,60.66,HOLD,0.00,0.00,0.00
07-06-2020,27.40,65.79,HOLD,0.00,0.00,0.00
07-02-2020,27.24,65.03,HOLD,0.00,0.00,0.00
07-01-2020,27.51,67.43,HOLD,0.00,0.00,0.00
06-30-2020,27.85,70.44,HOLD,0.00,0.00,0.00
06-29-2020,27.25,68.07,HOLD,0.00,0.00,0.00
06-26-2020,26.48,64.72,HOLD,0.00,0.00,0.00
06-25-2020,26.15,63.17,HOLD,0.00,0.00,0.00
06-24-2020,26.91,69.72,HOLD,0.00,0.00,0.00
06-23-2020,24.84,58.94,HOLD,0.00,0.00,0.00
06-22-2020,24.48,56.40,HOLD,0.00,0.00,0.00
06-19-2020,24.79,59.38,HOLD,0.00,0.00,0.00
06-18-2020,24.03,54.01,HOLD,0.00,0.00,0.00
06-17-2020,24.09,54.45,HOLD,0.00,0.00,0.00
06-16-2020,24.17,55.13,HOLD,0.00,0.00,0.00
06-15-2020,23.85,53.03,HOLD,0.00,0.00,0.00
06-12-2020,23.77,52.50,HOLD,0.00,0.00,0.00
06-11-2020,23.61,51.51,HOLD,0.00,0.00,0.00
06-10-2020,25.03,62.41,HOLD,0.00,0.00,0.00
06-09-2020,25.36,65.35,HOLD,0.00,0.00,0.00
06-08-2020,26.18,73.54,HOLD,0.00,0.00,0.00
06-05-2020,25.61,71.19,HOLD,0.00,0.00,0.00
06-04-2020,24.94,68.16,HOLD,0.00,0.00,0.00
06-03-2020,24.74,67.22,HOLD,0.00,0.00,0.00
06-02-2020,24.91,68.87,HOLD,0.00,0.00,0.00
06-01-2020,25.02,69.91,HOLD,0.00,0.00,0.00
05-29-2020,25.16,71.13,HOLD,0.00,0.00,0.00
05-28-2020,23.10,61.84,HOLD,0.00,0.00,0.00
05-27-2020,23.10,61.81,HOLD,0.00,0.00,0.00
05-26-2020,22.53,58.67,HOLD,0.00,0.00,0.00
05-22-2020,21.83,54.31,HOLD,0.00,0.00,0.00
05-21-2020,22.50,59.88,HOLD,0.00,0.00,0.00
05-20-2020,22.64,61.08,HOLD,0.00,0.00,0.00
05-19-2020,22.32,59.35,HOLD,0.00,0.00,0.00
05-18-2020,22.19,58.64,HOLD,0.00,0.00,0.00
05-15-2020,21.33,53.74,HOLD,0.00,0.00,0.00
05-14-2020,21.22,53.03,HOLD,0.00,0.00,0.00
05-13-2020,20.80,50.51,HOLD,0.00,0.00,0.00
05-12-2020,21.41,54.50,HOLD,0.00,0.00,0.00
05-11-2020,21.98,58.44,HOLD,0.00,0.00,0.00
05-08-2020,22.12,59.44,HOLD,0.00,0.00,0.00
05-07-2020,21.16,54.55,HOLD,0.00,0.00,0.00
05-06-2020,20.52,50.91,HOLD,0.00,0.00,0.00
05-05-2020,20.37,50.03,HOLD,0.00,0.00,0.00
05-04-2020,20.55,51.05,HOLD,0.00,0.00,0.00
05-01-2020,20.27,49.59,HOLD,0.00,0.00,0.00
04-30-2020,21.64,57.40,HOLD,0.00,0.00,0.00
04-29-2020,21.99,59.67,HOLD,0.00,0.00,0.00
04-28-2020,20.70,53.44,HOLD,0.00,0.00,0.00
04-27-2020,20.37,51.67,HOLD,0.00,0.00,0.00
04-24-2020,20.12,50.32,HOLD,0.00,0.00,0.00
04-23-2020,19.72,48.23,HOLD,0.00,0.00,0.00
04-22-2020,19.64,47.82,HOLD,0.00,0.00,0.00
04-21-2020,18.96,44.29,HOLD,0.00,0.00,0.00
04-20-2020,20.76,53.07,HOLD,0.00,0.00,0.00
04-17-2020,21.04,54.62,HOLD,0.00,0.00,0.00
04-16-2020,20.83,53.68,HOLD,0.00,0.00,0.00
04-15-2020,20.50,52.23,HOLD,0.00,0.00,0.00
04-14-2020,20.95,54.40,HOLD,0.00,0.00,0.00
04-13-2020,20.51,52.59,HOLD,0.00,0.00,0.00
04-09-2020,21.06,55.13,HOLD,0.00,0.00,0.00
04-08-2020,20.47,52.87,HOLD,0.00,0.00,0.00
04-07-2020,19.45,48.77,HOLD,0.00,0.00,0.00
04-06-2020,19.72,49.85,HOLD,0.00,0.00,0.00
04-03-2020,18.47,44.64,HOLD,0.00,0.00,0.00
04-02-2020,18.82,45.90,HOLD,0.00,0.00,0.00
04-01-2020,18.70,45.41,HOLD,0.00,0.00,0.00
03-31-2020,20.05,50.04,HOLD,0.00,0.00,0.00
03-30-2020,20.17,50.49,HOLD,0.00,0.00,0.00
03-27-2020,19.64,48.69,HOLD,0.00,0.00,0.00
03-26-2020,21.56,55.46,HOLD,0.00,0.00,0.00
03-25-2020,19.94,50.01,HOLD,0.00,0.00,0.00
03-24-2020,19.69,49.12,SELL,18.66,309.68,0.00
03-23-2020,17.20,39.07,HOLD,3.67,60.82,0.00
03-20-2020,16.47,35.59,HOLD,-0.76,0.00,-12.67
03-19-2020,16.20,34.31,HOLD,-2.38,0.00,-39.53
03-18-2020,14.63,26.42,HOLD,-11.82,0.00,-196.15
03-17-2020,15.87,28.98,HOLD,-4.34,0.00,-71.97
03-16-2020,16.33,29.96,HOLD,-1.62,0.00,-26.86
03-13-2020,18.22,34.52,HOLD,9.80,162.70,0.00
03-12-2020,16.59,25.48,BUY,0.00,,
03-11-2020,18.72,30.62,HOLD,0.00,0.00,0.00
03-10-2020,19.84,33.94,HOLD,0.00,0.00,0.00
03-09-2020,18.37,23.85,SELL,-14.48,0.00,-311.20
03-06-2020,20.08,28.58,HOLD,-6.53,0.00,-140.40
03-05-2020,20.70,30.64,HOLD,-3.63,0.00,-78.05
03-04-2020,21.99,35.52,HOLD,2.34,50.18,0.00
03-03-2020,21.18,28.86,HOLD,-1.44,0.00,-30.92
03-02-2020,21.49,29.95,BUY,0.00,,
02-28-2020,20.51,21.16,SELL,-15.21,0.00,-367.97
02-27-2020,22.08,26.04,HOLD,-8.72,0.00,-210.85
02-26-2020,23.28,31.13,HOLD,-3.75,0.00,-90.72
02-25-2020,23.43,31.83,HOLD,-3.14,0.00,-76.03
02-24-2020,24.49,37.54,HOLD,1.24,29.90,0.00
02-21-2020,26.21,51.55,HOLD,8.38,202.74,0.00
02-20-2020,26.84,58.91,HOLD,10.96,265.08,0.00
02-19-2020,27.03,61.49,HOLD,11.78,284.85,0.00
02-18-2020,26.75,59.05,HOLD,10.58,255.96,0.00
02-14-2020,26.80,59.73,HOLD,10.81,261.53,0.00
02-13-2020,26.63,58.40,HOLD,10.12,244.80,0.00
02-12-2020,27.01,62.78,HOLD,11.69,282.82,0.00
02-11-2020,26.49,58.80,HOLD,9.51,230.11,0.00
02-10-2020,26.41,58.20,HOLD,9.20,222.50,0.00
02-07-2020,26.16,56.28,HOLD,8.17,197.67,0.00
02-06-2020,26.79,63.05,HOLD,10.75,260.01,0.00
02-05-2020,25.74,54.55,HOLD,6.43,155.60,0.00
02-04-2020,25.86,55.94,HOLD,6.94,167.76,0.00
02-03-2020,24.93,46.10,HOLD,3.06,74.00,0.00
01-31-2020,24.72,43.50,HOLD,2.20,53.22,0.00
01-30-2020,25.03,46.60,HOLD,3.48,84.14,0.00
01-29-2020,24.81,43.99,HOLD,2.58,62.34,0.00
01-28-2020,24.67,42.34,HOLD,2.01,48.66,0.00
01-27-2020,24.40,39.08,HOLD,0.90,21.79,0.00
01-24-2020,25.33,47.74,HOLD,4.74,114.55,0.00
01-23-2020,25.53,49.93,HOLD,5.55,134.31,0.00
01-22-2020,25.31,47.46,HOLD,4.65,112.52,0.00
01-21-2020,24.98,43.56,HOLD,3.29,79.57,0.00
01-17-2020,25.51,49.03,HOLD,5.49,132.79,0.00
01-16-2020,26.02,55.15,HOLD,7.59,183.48,0.00
01-15-2020,25.65,50.94,HOLD,6.04,145.97,0.00
01-14-2020,25.78,52.55,HOLD,6.58,159.15,0.00
01-13-2020,25.26,46.31,HOLD,4.42,106.94,0.00
01-10-2020,25.09,44.19,HOLD,3.75,90.72,0.00
01-09-2020,25.15,44.75,HOLD,3.98,96.30,0.00
01-08-2020,25.34,46.66,HOLD,4.78,115.56,0.00
01-07-2020,25.24,45.53,HOLD,4.36,105.42,0.00
01-06-2020,25.89,52.12,HOLD,7.04,170.30,0.00
01-03-2020,25.63,49.41,HOLD,5.97,144.45,0.00
01-02-2020,26.50,60.05,HOLD,9.58,231.63,0.00
12-31-2019,26.05,55.38,HOLD,7.69,186.01,0.00
12-30-2019,25.80,52.64,HOLD,6.68,161.68,0.00
12-27-2019,25.84,53.08,HOLD,6.83,165.23,0.00
12-26-2019,26.36,59.95,HOLD,8.99,217.44,0.00
12-24-2019,25.76,53.56,HOLD,6.52,157.63,0.00
12-23-2019,25.58,51.29,HOLD,5.74,138.87,0.00
12-20-2019,25.15,45.71,HOLD,3.98,96.30,0.00
12-19-2019,25.29,47.33,HOLD,4.55,109.98,0.00
12-18-2019,25.34,47.97,HOLD,4.78,115.56,0.00
12-17-2019,25.31,47.55,HOLD,4.63,112.01,0.00
12-16-2019,25.08,44.95,HOLD,3.71,89.71,0.00
12-13-2019,25.01,44.13,HOLD,3.42,82.62,0.00
12-12-2019,25.09,44.79,HOLD,3.73,90.22,0.00
12-11-2019,24.18,33.78,HOLD,-0.02,0.00,-0.51
12-10-2019,24.00,31.29,HOLD,-0.75,0.00,-18.25
12-09-2019,24.15,32.22,HOLD,-0.15,0.00,-3.55
12-06-2019,23.88,28.61,HOLD,-1.26,0.00,-30.41
12-05-2019,23.99,29.21,HOLD,-0.80,0.00,-19.26
12-04-2019,24.17,30.12,HOLD,-0.08,0.00,-2.03
12-03-2019,24.02,28.42,HOLD,-0.67,0.00,-16.22
12-02-2019,24.19,29.17,BUY,0.00,,
11-29-2019,24.58,31.01,HOLD,0.00,0.00,0.00
11-27-2019,25.50,35.99,HOLD,0.00,0.00,0.00
11-26-2019,26.96,47.00,HOLD,0.00,0.00,0.00
11-25-2019,27.91,57.67,HOLD,0.00,0.00,0.00
11-22-2019,27.17,49.40,HOLD,0.00,0.00,0.00
11-21-2019,27.22,50.03,HOLD,0.00,0.00,0.00
11-20-2019,28.01,61.28,HOLD,0.00,0.00,0.00
11-19-2019,28.49,70.10,HOLD,0.00,0.00,0.00
11-18-2019,28.17,67.11,HOLD,0.00,0.00,0.00
11-15-2019,28.20,67.80,HOLD,0.00,0.00,0.00
11-14-2019,27.90,64.98,HOLD,0.00,0.00,0.00
11-13-2019,27.76,63.63,HOLD,0.00,0.00,0.00
11-12-2019,28.09,69.63,HOLD,0.00,0.00,0.00
11-11-2019,27.63,65.39,HOLD,0.00,0.00,0.00
11-08-2019,27.53,64.32,HOLD,0.00,0.00,0.00
11-07-2019,27.53,64.32,HOLD,0.00,0.00,0.00
11-06-2019,27.54,64.48,HOLD,0.00,0.00,0.00
11-05-2019,27.59,65.25,HOLD,0.00,0.00,0.00
11-04-2019,27.29,62.82,HOLD,0.00,0.00,0.00
11-01-2019,26.98,60.18,HOLD,0.00,0.00,0.00
10-31-2019,26.81,58.59,HOLD,0.00,0.00,0.00
10-30-2019,27.24,64.46,HOLD,0.00,0.00,0.00
10-29-2019,26.99,62.43,HOLD,0.00,0.00,0.00
10-28-2019,26.15,54.39,HOLD,0.00,0.00,0.00
10-25-2019,26.19,54.98,HOLD,0.00,0.00,0.00
10-24-2019,25.85,51.32,HOLD,0.00,0.00,0.00
10-23-2019,25.49,47.08,HOLD,0.00,0.00,0.00
10-22-2019,25.33,45.07,HOLD,0.00,0.00,0.00
10-21-2019,25.34,45.12,HOLD,0.00,0.00,0.00
10-18-2019,25.28,44.44,HOLD,0.00,0.00,0.00
10-17-2019,25.53,46.68,HOLD,0.00,0.00,0.00
10-16-2019,25.62,47.44,HOLD,0.00,0.00,0.00
10-15-2019,25.91,50.04,HOLD,0.00,0.00,0.00
10-14-2019,25.69,48.02,HOLD,0.00,0.00,0.00
10-11-2019,25.49,46.32,HOLD,0.00,0.00,0.00
10-10-2019,24.84,40.07,HOLD,0.00,0.00,0.00
10-09-2019,25.07,41.66,HOLD,0.00,0.00,0.00
10-08-2019,24.74,38.45,HOLD,0.00,0.00,0.00
10-07-2019,25.61,44.42,HOLD,0.00,0.00,0.00
10-04-2019,25.48,43.23,HOLD,0.00,0.00,0.00
10-03-2019,25.88,46.14,HOLD,0.00,0.00,0.00
10-02-2019,25.74,44.92,HOLD,0.00,0.00,0.00
10-01-2019,26.17,48.03,HOLD,0.00,0.00,0.00
09-30-2019,26.28,48.83,HOLD,0.00,0.00,0.00
09-27-2019,25.82,45.32,HOLD,0.00,0.00,0.00
09-26-2019,26.43,49.48,HOLD,0.00,0.00,0.00
09-25-2019,27.24,55.77,HOLD,0.00,0.00,0.00
09-24-2019,26.46,50.06,HOLD,0.00,0.00,0.00
09-23-2019,26.83,53.12,HOLD,0.00,0.00,0.00
09-20-2019,26.28,48.84,HOLD,0.00,0.00,0.00
09-19-2019,26.88,53.82,HOLD,0.00,0.00,0.00
09-18-2019,26.76,52.92,HOLD,0.00,0.00,0.00
09-17-2019,27.29,57.47,HOLD,0.00,0.00,0.00
09-16-2019,27.42,58.58,HOLD,0.00,0.00,0.00
09-13-2019,27.12,56.74,HOLD,0.00,0.00,0.00
09-12-2019,27.45,59.39,HOLD,0.00,0.00,0.00
09-11-2019,28.03,64.41,HOLD,0.00,0.00,0.00
09-10-2019,28.12,65.21,HOLD,0.00,0.00,0.00
09-09-2019,27.52,62.34,SELL,15.76,374.56,0.00
09-06-2019,27.05,59.94,HOLD,13.77,327.42,0.00
09-05-2019,26.82,58.78,HOLD,12.84,305.12,0.00
09-04-2019,25.95,53.96,HOLD,9.17,217.94,0.00
09-03-2019,25.88,53.58,HOLD,8.89,211.35,0.00
08-30-2019,26.12,55.08,HOLD,9.87,234.67,0.00
08-29-2019,23.71,38.59,HOLD,-0.28,0.00,-6.59
08-28-2019,22.96,31.36,HOLD,-3.41,0.00,-81.09
08-27-2019,23.11,32.08,HOLD,-2.77,0.00,-65.89
08-26-2019,23.52,34.02,HOLD,-1.04,0.00,-24.84
08-23-2019,23.22,31.15,HOLD,-2.32,0.00,-55.25
08-22-2019,24.86,39.81,HOLD,4.56,108.46,0.00
08-21-2019,24.83,39.52,HOLD,4.43,105.42,0.00
08-20-2019,24.57,37.13,HOLD,3.35,79.57,0.00
08-19-2019,24.86,38.75,HOLD,4.58,108.97,0.00
08-16-2019,24.55,35.98,HOLD,3.26,77.55,0.00
08-15-2019,23.77,28.58,BUY,0.00,,
08-14-2019,24.63,32.45,SELL,-13.00,0.00,-367.97
08-13-2019,25.10,34.82,HOLD,-11.35,0.00,-321.34
08-12-2019,25.07,34.53,HOLD,-11.46,0.00,-324.38
08-09-2019,25.56,37.00,HOLD,-9.72,0.00,-275.22
08-08-2019,26.02,39.42,HOLD,-8.11,0.00,-229.60
08-07-2019,25.53,35.26,HOLD,-9.81,0.00,-277.75
08-06-2019,25.73,36.21,HOLD,-9.11,0.00,-257.98
08-05-2019,25.55,34.75,HOLD,-9.74,0.00,-275.72
08-02-2019,26.56,39.53,HOLD,-6.18,0.00,-174.86
08-01-2019,29.24,59.81,HOLD,3.28,92.75,0.00
07-31-2019,29.27,60.08,HOLD,3.37,95.29,0.00
07-30-2019,29.01,58.29,HOLD,2.45,69.44,0.00
07-29-2019,28.37,53.51,HOLD,0.20,5.58,0.00
07-26-2019,28.02,50.63,HOLD,-1.04,0.00,-29.40
07-25-2019,27.91,49.75,HOLD,-1.41,0.00,-40.04
07-24-2019,28.49,54.71,HOLD,0.64,18.25,0.00
07-23-2019,28.11,51.76,HOLD,-0.72,0.00,-20.27
07-22-2019,28.60,56.04,HOLD,1.00,28.38,0.00
07-19-2019,28.79,57.80,HOLD,1.68,47.64,0.00
07-18-2019,29.09,60.53,HOLD,2.74,77.55,0.00
07-17-2019,28.64,57.73,HOLD,1.15,32.44,0.00
07-16-2019,28.39,56.14,HOLD,0.27,7.60,0.00
07-15-2019,27.99,53.51,HOLD,-1.15,0.00,-32.44
07-12-2019,27.26,48.28,HOLD,-3.72,0.00,-105.42
07-11-2019,27.11,47.13,HOLD,-4.26,0.00,-120.63
07-10-2019,26.50,42.41,HOLD,-6.39,0.00,-180.94
07-09-2019,25.90,37.21,HOLD,-8.52,0.00,-241.26
07-08-2019,26.00,37.71,HOLD,-8.18,0.00,-231.63
07-05-2019,26.54,40.62,HOLD,-6.25,0.00,-176.89
07-03-2019,26.82,42.16,HOLD,-5.26,0.00,-149.01
07-02-2019,26.45,39.29,HOLD,-6.59,0.00,-186.52
07-01-2019,26.13,36.85,HOLD,-7.70,0.00,-217.94
06-28-2019,25.75,33.81,HOLD,-9.06,0.00,-256.46
06-27-2019,26.46,36.86,HOLD,-6.53,0.00,-185.00
06-26-2019,26.98,39.24,HOLD,-4.71,0.00,-133.30
06-25-2019,26.51,35.77,HOLD,-6.36,0.00,-179.93
06-24-2019,27.01,37.93,HOLD,-4.58,0.00,-129.75
06-21-2019,27.36,39.48,HOLD,-3.35,0.00,-94.78
06-20-2019,27.58,40.41,HOLD,-2.60,0.00,-73.49
06-19-2019,27.08,37.17,HOLD,-4.37,0.00,-123.67
06-18-2019,26.11,30.39,HOLD,-7.79,0.00,-220.48
06-17-2019,25.66,27.02,HOLD,-9.36,0.00,-265.08
06-14-2019,26.01,28.00,HOLD,-8.13,0.00,-230.11
06-13-2019,27.28,31.95,HOLD,-3.63,0.00,-102.89
06-12-2019,26.88,28.99,HOLD,-5.07,0.00,-143.44
06-11-2019,27.54,31.04,HOLD,-2.72,0.00,-77.04
06-10-2019,27.47,30.55,HOLD,-2.97,0.00,-84.14
06-07-2019,27.52,30.69,HOLD,-2.79,0.00,-79.07
06-06-2019,26.98,27.29,HOLD,-4.71,0.00,-133.30
06-05-2019,27.62,28.85,HOLD,-2.43,0.00,-68.93
06-04-2019,29.23,33.28,HOLD,3.26,92.25,0.00
06-03-2019,28.31,27.35,BUY,0.00,,
05-31-2019,30.18,32.85,HOLD,0.00,0.00,0.00
05-30-2019,33.66,50.31,HOLD,0.00,0.00,0.00
05-29-2019,33.55,49.55,HOLD,0.00,0.00,0.00
05-28-2019,33.66,50.27,HOLD,0.00,0.00,0.00
05-24-2019,33.51,49.33,HOLD,0.00,0.00,0.00
05-23-2019,33.30,48.01,HOLD,0.00,0.00,0.00
05-22-2019,34.97,59.27,HOLD,0.00,0.00,0.00
05-21-2019,35.30,61.93,HOLD,0.00,0.00,0.00
05-20-2019,34.47,57.43,HOLD,0.00,0.00,0.00
05-17-2019,35.19,63.47,HOLD,0.00,0.00,0.00
05-16-2019,35.38,65.12,HOLD,0.00,0.00,0.00
05-15-2019,34.41,60.20,HOLD,0.00,0.00,0.00
05-14-2019,33.53,54.74,HOLD,0.00,0.00,0.00
05-13-2019,32.46,46.53,HOLD,0.00,0.00,0.00
05-10-2019,34.04,61.96,HOLD,0.00,0.00,0.00
05-09-2019,34.00,61.70,HOLD,0.00,0.00,0.00
05-08-2019,34.01,61.75,HOLD,0.00,0.00,0.00
05-07-2019,34.21,63.89,HOLD,0.00,0.00,0.00
05-06-2019,34.56,67.80,HOLD,0.00,0.00,0.00
05-03-2019,34.82,70.73,HOLD,0.00,0.00,0.00
05-02-2019,34.54,69.38,HOLD,0.00,0.00,0.00
05-01-2019,34.76,71.80,HOLD,0.00,0.00,0.00
04-30-2019,34.17,69.15,HOLD,0.00,0.00,0.00
04-29-2019,33.22,64.18,HOLD,0.00,0.00,0.00
04-26-2019,33.13,63.62,HOLD,0.00,0.00,0.00
04-25-2019,33.96,72.66,HOLD,0.00,0.00,0.00
04-24-2019,33.58,70.90,HOLD,0.00,0.00,0.00
04-23-2019,32.94,67.69,HOLD,0.00,0.00,0.00
04-22-2019,32.06,62.28,HOLD,0.00,0.00,0.00
04-18-2019,31.86,60.90,HOLD,0.00,0.00,0.00
04-17-2019,31.80,60.56,HOLD,0.00,0.00,0.00
04-16-2019,31.82,60.75,HOLD,0.00,0.00,0.00
04-15-2019,32.38,66.13,HOLD,0.00,0.00,0.00
04-12-2019,32.19,65.16,HOLD,0.00,0.00,0.00
04-11-2019,32.37,66.84,HOLD,0.00,0.00,0.00
04-10-2019,32.08,65.49,HOLD,0.00,0.00,0.00
04-09-2019,31.29,61.51,HOLD,0.00,0.00,0.00
04-08-2019,31.67,64.90,HOLD,0.00,0.00,0.00
04-05-2019,31.53,64.20,HOLD,0.00,0.00,0.00
04-04-2019,30.58,59.39,HOLD,0.00,0.00,0.00
04-03-2019,31.22,64.83,HOLD,0.00,0.00,0.00
04-02-2019,31.05,64.04,HOLD,0.00,0.00,0.00
04-01-2019,30.63,61.98,HOLD,0.00,0.00,0.00
03-29-2019,29.75,57.27,HOLD,0.00,0.00,0.00
03-28-2019,28.85,51.60,HOLD,0.00,0.00,0.00
03-27-2019,29.16,53.92,HOLD,0.00,0.00,0.00
03-26-2019,29.85,59.34,HOLD,0.00,0.00,0.00
03-25-2019,29.04,54.29,HOLD,0.00,0.00,0.00
03-22-2019,30.18,64.85,HOLD,0.00,0.00,0.00
03-21-2019,30.77,71.47,HOLD,0.00,0.00,0.00
03-20-2019,30.22,68.71,HOLD,0.00,0.00,0.00
03-19-2019,30.63,73.68,HOLD,0.00,0.00,0.00
03-18-2019,30.66,73.98,HOLD,0.00,0.00,0.00
03-15-2019,30.53,73.45,HOLD,0.00,0.00,0.00
03-14-2019,28.98,65.81,HOLD,0.00,0.00,0.00
03-13-2019,27.85,57.50,HOLD,0.00,0.00,0.00
03-12-2019,27.72,56.40,HOLD,0.00,0.00,0.00
03-11-2019,27.45,53.96,HOLD,0.00,0.00,0.00
03-08-2019,26.53,44.52,HOLD,0.00,0.00,0.00
03-07-2019,26.93,48.52,HOLD,0.00,0.00,0.00
03-06-2019,27.23,51.85,HOLD,0.00,0.00,0.00
03-05-2019,27.94,60.83,HOLD,0.00,0.00,0.00
03-04-2019,28.05,62.42,HOLD,0.00,0.00,0.00
03-01-2019,28.71,72.95,HOLD,0.00,0.00,0.00
02-28-2019,28.29,69.97,HOLD,0.00,0.00,0.00
02-27-2019,28.51,73.88,HOLD,0.00,0.00,0.00
02-26-2019,28.75,78.44,HOLD,0.00,0.00,0.00
02-25-2019,28.71,78.20,HOLD,0.00,0.00,0.00
02-22-2019,28.47,77.02,HOLD,0.00,0.00,0.00
02-21-2019,28.15,75.29,HOLD,0.00,0.00,0.00
02-20-2019,28.15,75.29,HOLD,0.00,0.00,0.00
02-19-2019,27.90,73.97,HOLD,0.00,0.00,0.00
02-15-2019,27.88,73.86,HOLD,0.00,0.00,0.00
02-14-2019,27.56,72.27,HOLD,0.00,0.00,0.00
02-13-2019,27.34,71.14,HOLD,0.00,0.00,0.00
02-12-2019,27.17,70.22,HOLD,0.00,0.00,0.00
02-11-2019,26.37,65.63,HOLD,0.00,0.00,0.00
02-08-2019,26.10,63.90,HOLD,0.00,0.00,0.00
02-07-2019,25.57,60.21,HOLD,0.00,0.00,0.00
02-06-2019,25.82,63.06,HOLD,0.00,0.00,0.00
02-05-2019,25.88,63.79,HOLD,0.00,0.00,0.00
02-04-2019,25.76,63.05,SELL,14.04,317.10,0.00
02-01-2019,25.16,59.30,HOLD,11.39,257.29,0.00
01-31-2019,24.63,55.53,HOLD,9.01,203.57,0.00
01-30-2019,24.33,53.29,HOLD,7.69,173.66,0.00
01-29-2019,23.75,48.61,HOLD,5.11,115.38,0.00
01-28-2019,23.77,48.81,HOLD,5.22,117.91,0.00
01-25-2019,23.27,44.68,HOLD,3.00,67.73,0.00
01-24-2019,22.79,40.39,HOLD,0.87,19.58,0.00
01-23-2019,22.62,38.82,HOLD,0.10,2.35,0.00
01-22-2019,22.33,36.24,HOLD,-1.15,0.00,-26.03
01-18-2019,21.97,32.92,HOLD,-2.75,0.00,-62.02
01-17-2019,22.15,33.75,HOLD,-1.94,0.00,-43.77
01-16-2019,21.60,28.70,HOLD,-4.38,0.00,-99.02
01-15-2019,21.80,29.44,HOLD,-3.51,0.00,-79.25
01-14-2019,21.69,28.52,HOLD,-3.98,0.00,-89.90
01-11-2019,22.54,31.58,HOLD,-0.23,0.00,-5.25
01-10-2019,22.90,33.00,HOLD,1.38,31.24,0.00
01-09-2019,23.79,36.74,HOLD,5.31,119.94,0.00
01-08-2019,23.76,36.47,HOLD,5.15,116.39,0.00
01-07-2019,23.48,34.45,HOLD,3.92,88.51,0.00
01-04-2019,23.32,33.38,HOLD,3.24,73.31,0.00
01-03-2019,22.87,30.24,HOLD,1.25,28.20,0.00
01-02-2019,23.88,33.52,HOLD,5.71,129.06,0.00
12-31-2018,24.77,36.78,HOLD,9.64,217.76,0.00
12-28-2018,23.03,23.14,HOLD,1.92,43.40,0.00
12-27-2018,22.45,17.71,HOLD,-0.62,0.00,-14.03
12-26-2018,22.77,18.38,HOLD,0.78,17.68,0.00
12-24-2018,22.59,16.76,BUY,0.00,,
12-21-2018,28.83,47.90,HOLD,0.00,0.00,0.00
12-20-2018,29.02,50.57,HOLD,0.00,0.00,0.00
12-19-2018,29.43,56.79,HOLD,0.00,0.00,0.00
12-18-2018,29.71,61.74,HOLD,0.00,0.00,0.00
12-17-2018,29.49,59.19,HOLD,0.00,0.00,0.00
12-14-2018,29.69,62.73,HOLD,0.00,0.00,0.00
12-13-2018,29.61,61.86,HOLD,0.00,0.00,0.00
12-12-2018,29.47,60.42,HOLD,0.00,0.00,0.00
12-11-2018,29.39,59.62,HOLD,0.00,0.00,0.00
12-10-2018,29.22,57.85,HOLD,0.00,0.00,0.00
12-07-2018,29.19,57.54,HOLD,0.00,0.00,0.00
12-06-2018,29.64,63.85,HOLD,0.00,0.00,0.00
12-04-2018,29.32,61.01,HOLD,0.00,0.00,0.00
12-03-2018,29.62,65.45,HOLD,0.00,0.00,0.00
11-30-2018,29.60,65.34,HOLD,0.00,0.00,0.00
11-29-2018,29.75,67.40,HOLD,0.00,0.00,0.00
11-28-2018,29.92,69.76,HOLD,0.00,0.00,0.00
11-27-2018,29.37,66.21,HOLD,0.00,0.00,0.00
11-26-2018,29.64,70.02,HOLD,0.00,0.00,0.00
11-23-2018,29.16,66.90,HOLD,0.00,0.00,0.00
11-21-2018,28.90,65.07,HOLD,0.00,0.00,0.00
11-20-2018,28.81,64.38,HOLD,0.00,0.00,0.00
11-19-2018,28.99,66.69,HOLD,0.00,0.00,0.00
11-16-2018,29.32,70.87,HOLD,0.00,0.00,0.00
11-15-2018,29.48,73.01,HOLD,0.00,0.00,0.00
11-14-2018,29.66,75.27,SELL,14.30,371.01,0.00
11-13-2018,28.50,69.55,HOLD,9.84,255.39,0.00
11-12-2018,27.64,63.75,HOLD,6.52,169.23,0.00
11-09-2018,27.52,62.79,HOLD,6.03,156.60,0.00
11-08-2018,27.76,65.94,HOLD,6.98,181.02,0.00
11-07-2018,27.46,63.89,HOLD,5.83,151.27,0.00
11-06-2018,25.85,48.13,HOLD,-0.40,0.00,-10.38
11-05-2018,25.74,46.66,HOLD,-0.82,0.00,-21.33
11-02-2018,25.59,44.69,HOLD,-1.40,0.00,-36.20
11-01-2018,25.58,44.62,HOLD,-1.42,0.00,-36.76
10-31-2018,25.37,41.93,HOLD,-2.25,0.00,-58.37
10-30-2018,24.89,35.47,HOLD,-4.10,0.00,-106.36
10-29-2018,24.35,27.00,HOLD,-6.17,0.00,-160.25
10-26-2018,24.83,30.29,HOLD,-4.33,0.00,-112.26
10-25-2018,25.50,35.95,HOLD,-1.75,0.00,-45.46
10-24-2018,25.22,30.91,HOLD,-2.83,0.00,-73.53
10-23-2018,26.06,39.65,HOLD,0.43,11.23,0.00
10-22-2018,26.58,47.20,HOLD,2.42,62.86,0.00
10-19-2018,26.32,42.02,HOLD,1.42,36.76,0.00
10-18-2018,26.52,45.16,HOLD,2.18,56.69,0.00
10-17-2018,26.69,48.02,HOLD,2.84,73.81,0.00
10-16-2018,26.85,50.77,HOLD,3.45,89.53,0.00
10-15-2018,26.66,47.48,HOLD,2.74,71.00,0.00
10-12-2018,26.52,44.90,HOLD,2.20,56.97,0.00
10-11-2018,25.75,26.29,HOLD,-0.79,0.00,-20.49
10-10-2018,25.95,28.67,BUY,0.00,,
10-09-2018,26.54,37.86,HOLD,0.00,0.00,0.00
10-08-2018,26.82,43.85,HOLD,0.00,0.00,0.00
10-05-2018,27.21,55.78,HOLD,0.00,0.00,0.00
10-04-2018,27.14,53.54,HOLD,0.00,0.00,0.00
10-03-2018,27.11,52.88,HOLD,0.00,0.00,0.00
10-02-2018,27.16,54.22,HOLD,0.00,0.00,0.00
10-01-2018,27.14,53.85,HOLD,0.00,0.00,0.00
09-28-2018,27.26,57.30,HOLD,0.00,0.00,0.00
09-27-2018,27.29,58.40,HOLD,0.00,0.00,0.00
09-26-2018,27.11,54.40,HOLD,0.00,0.00,0.00
09-25-2018,27.21,57.11,HOLD,0.00,0.00,0.00
09-24-2018,27.00,52.23,HOLD,0.00,0.00,0.00
09-21-2018,27.00,52.23,HOLD,0.00,0.00,0.00
09-20-2018,26.93,50.68,HOLD,0.00,0.00,0.00
09-19-2018,26.79,47.39,HOLD,0.00,0.00,0.00
09-18-2018,27.05,53.50,HOLD,0.00,0.00,0.00
09-17-2018,27.31,60.95,HOLD,0.00,0.00,0.00
09-14-2018,27.69,74.61,HOLD,0.00,0.00,0.00
09-13-2018,27.32,68.13,HOLD,0.00,0.00,0.00
09-12-2018,27.29,67.41,HOLD,0.00,0.00,0.00
09-11-2018,27.14,64.12,HOLD,0.00,0.00,0.00
09-10-2018,27.18,65.87,HOLD,0.00,0.00,0.00
09-07-2018,27.01,62.10,HOLD,0.00,0.00,0.00
09-06-2018,26.91,59.41,HOLD,0.00,0.00,0.00
09-05-2018,26.85,58.03,HOLD,0.00,0.00,0.00
09-04-2018,26.98,62.83,HOLD,0.00,0.00,0.00
08-31-2018,26.99,63.04,HOLD,0.00,0.00,0.00
08-30-2018,27.12,67.91,HOLD,0.00,0.00,0.00
08-29-2018,26.96,64.84,HOLD,0.00,0.00,0.00
08-28-2018,26.73,59.67,HOLD,0.00,0.00,0.00
08-27-2018,26.78,61.22,HOLD,0.00,0.00,0.00
08-24-2018,26.76,60.77,HOLD,0.00,0.00,0.00
08-23-2018,26.75,60.60,HOLD,0.00,0.00,0.00
08-22-2018,26.87,64.41,HOLD,0.00,0.00,0.00
08-21-2018,26.69,60.99,HOLD,0.00,0.00,0.00
08-20-2018,26.67,60.60,HOLD,0.00,0.00,0.00
08-17-2018,26.66,60.49,HOLD,0.00,0.00,0.00
08-16-2018,26.82,65.08,HOLD,0.00,0.00,0.00
08-15-2018,26.57,60.71,HOLD,0.00,0.00,0.00
08-14-2018,26.62,62.16,HOLD,0.00,0.00,0.00
08-13-2018,26.38,57.70,HOLD,0.00,0.00,0.00
08-10-2018,26.53,61.87,HOLD,0.00,0.00,0.00
08-09-2018,26.59,63.48,HOLD,0.00,0.00,0.00
08-08-2018,26.42,60.73,HOLD,0.00,0.00,0.00
08-07-2018,26.30,58.47,HOLD,0.00,0.00,0.00
08-06-2018,26.22,57.16,HOLD,0.00,0.00,0.00
08-03-2018,26.13,55.39,HOLD,0.00,0.00,0.00
08-02-2018,26.11,55.14,HOLD,0.00,0.00,0.00
08-01-2018,26.02,53.62,HOLD,0.00,0.00,0.00
07-31-2018,25.97,52.69,HOLD,0.00,0.00,0.00
07-30-2018,26.02,53.64,HOLD,0.00,0.00,0.00
07-27-2018,26.29,58.59,HOLD,0.00,0.00,0.00
07-26-2018,26.49,62.67,HOLD,0.00,0.00,0.00
07-25-2018,26.32,60.57,HOLD,0.00,0.00,0.00
07-24-2018,26.13,58.02,HOLD,0.00,0.00,0.00
07-23-2018,26.27,60.73,HOLD,0.00,0.00,0.00
07-20-2018,26.47,64.51,HOLD,0.00,0.00,0.00
07-19-2018,26.59,66.82,HOLD,0.00,0.00,0.00
07-18-2018,26.68,68.61,HOLD,0.00,0.00,0.00
07-17-2018,26.62,68.11,HOLD,0.00,0.00,0.00
07-16-2018,26.60,67.93,HOLD,0.00,0.00,0.00
07-13-2018,26.63,68.47,HOLD,0.00,0.00,0.00
07-12-2018,26.69,69.42,HOLD,0.00,0.00,0.00
07-11-2018,26.41,67.46,HOLD,0.00,0.00,0.00
07-10-2018,26.48,68.57,HOLD,0.00,0.00,0.00
07-09-2018,26.28,67.24,HOLD,0.00,0.00,0.00
07-06-2018,26.20,66.73,HOLD,0.00,0.00,0.00
07-05-2018,26.34,68.48,HOLD,0.00,0.00,0.00
07-03-2018,26.61,71.83,HOLD,0.00,0.00,0.00
07-02-2018,25.88,67.92,HOLD,0.00,0.00,0.00
06-29-2018,23.74,48.77,HOLD,0.00,0.00,0.00
06-28-2018,23.93,51.35,HOLD,0.00,0.00,0.00
06-27-2018,23.57,46.52,HOLD,0.00,0.00,0.00
06-26-2018,24.26,56.63,HOLD,0.00,0.00,0.00
06-25-2018,24.12,54.77,HOLD,0.00,0.00,0.00
06-22-2018,24.92,70.58,HOLD,0.00,0.00,0.00
06-21-2018,25.00,72.72,HOLD,0.00,0.00,0.00
06-20-2018,25.03,73.46,HOLD,0.00,0.00,0.00
06-19-2018,24.98,73.00,HOLD,0.00,0.00,0.00
06-18-2018,25.14,76.51,HOLD,0.00,0.00,0.00
06-15-2018,24.81,74.11,HOLD,0.00,0.00,0.00
06-14-2018,24.67,73.08,HOLD,0.00,0.00,0.00
06-13-2018,24.67,73.08,HOLD,0.00,0.00,0.00
06-12-2018,24.33,70.53,HOLD,0.00,0.00,0.00
06-11-2018,24.60,75.68,HOLD,0.00,0.00,0.00
06-08-2018,24.79,79.69,HOLD,0.00,0.00,0.00
06-07-2018,24.71,79.29,HOLD,0.00,0.00,0.00
06-06-2018,24.51,78.25,HOLD,0.00,0.00,0.00
06-05-2018,24.32,77.20,HOLD,0.00,0.00,0.00
06-04-2018,23.86,74.56,HOLD,0.00,0.00,0.00
06-01-2018,23.81,74.25,HOLD,0.00,0.00,0.00
05-31-2018,22.64,65.14,HOLD,0.00,0.00,0.00
05-30-2018,22.74,67.14,HOLD,0.00,0.00,0.00
05-29-2018,22.61,65.89,HOLD,0.00,0.00,0.00
05-25-2018,23.02,73.73,HOLD,0.00,0.00,0.00
05-24-2018,23.20,77.51,HOLD,0.00,0.00,0.00
05-23-2018,22.98,76.15,HOLD,0.00,0.00,0.00
05-22-2018,22.67,74.05,HOLD,0.00,0.00,0.00
05-21-2018,22.58,73.47,HOLD,0.00,0.00,0.00
05-18-2018,22.12,70.02,HOLD,0.00,0.00,0.00
05-17-2018,20.86,55.49,HOLD,0.00,0.00,0.00
05-16-2018,20.83,55.04,HOLD,0.00,0.00,0.00
05-15-2018,20.75,53.74,HOLD,0.00,0.00,0.00
05-14-2018,20.67,52.63,HOLD,0.00,0.00,0.00
05-11-2018,20.86,55.78,HOLD,0.00,0.00,0.00
05-10-2018,20.96,57.56,HOLD,0.00,0.00,0.00
05-09-2018,20.41,49.56,HOLD,0.00,0.00,0.00
05-08-2018,20.21,46.17,HOLD,0.00,0.00,0.00
05-07-2018,20.34,48.21,HOLD,0.00,0.00,0.00
05-04-2018,20.47,50.18,HOLD,0.00,0.00,0.00
05-03-2018,19.98,41.77,HOLD,0.00,0.00,0.00
05-02-2018,19.84,39.04,HOLD,0.00,0.00,0.00
05-01-2018,20.04,41.61,HOLD,0.00,0.00,0.00
04-30-2018,20.14,42.94,HOLD,0.00,0.00,0.00
04-27-2018,20.38,46.18,HOLD,0.00,0.00,0.00
04-26-2018,20.48,47.56,HOLD,0.00,0.00,0.00
04-25-2018,20.14,42.12,HOLD,0.00,0.00,0.00
04-24-2018,20.33,44.46,HOLD,0.00,0.00,0.00
04-23-2018,20.51,46.91,HOLD,0.00,0.00,0.00
04-20-2018,20.39,45.12,HOLD,0.00,0.00,0.00
04-19-2018,20.74,49.67,HOLD,0.00,0.00,0.00
04-18-2018,21.27,58.03,HOLD,0.00,0.00,0.00
04-17-2018,21.16,56.59,HOLD,0.00,0.00,0.00
04-16-2018,20.87,52.69,HOLD,0.00,0.00,0.00
04-13-2018,20.46,46.46,HOLD,0.00,0.00,0.00
04-12-2018,20.40,45.44,HOLD,0.00,0.00,0.00
04-11-2018,20.19,41.97,HOLD,0.00,0.00,0.00
04-10-2018,20.43,45.02,HOLD,0.00,0.00,0.00
04-09-2018,20.18,40.89,HOLD,0.00,0.00,0.00
04-06-2018,20.01,37.92,HOLD,0.00,0.00,0.00
04-05-2018,20.43,42.91,HOLD,0.00,0.00,0.00
04-04-2018,20.48,43.47,HOLD,0.00,0.00,0.00
04-03-2018,20.44,42.82,HOLD,0.00,0.00,0.00
04-02-2018,20.36,41.75,HOLD,0.00,0.00,0.00
03-29-2018,20.55,43.65,HOLD,0.00,0.00,0.00
03-28-2018,20.23,39.26,HOLD,0.00,0.00,0.00
03-27-2018,20.68,43.77,HOLD,0.00,0.00,0.00
03-26-2018,21.08,48.52,HOLD,0.00,0.00,0.00
03-23-2018,20.53,40.25,HOLD,0.00,0.00,0.00
03-22-2018,20.90,44.67,HOLD,0.00,0.00,0.00
03-21-2018,21.33,50.70,HOLD,0.00,0.00,0.00
03-20-2018,21.96,62.00,HOLD,0.00,0.00,0.00
03-19-2018,21.88,61.03,HOLD,0.00,0.00,0.00
03-16-2018,21.88,61.00,HOLD,0.00,0.00,0.00
03-15-2018,21.78,59.88,HOLD,0.00,0.00,0.00
03-14-2018,21.84,60.83,HOLD,0.00,0.00,0.00
03-13-2018,21.70,59.39,HOLD,0.00,0.00,0.00
03-12-2018,21.83,61.31,HOLD,0.00,0.00,0.00
03-09-2018,22.02,64.37,HOLD,0.00,0.00,0.00
03-08-2018,21.73,61.68,HOLD,0.00,0.00,0.00
03-07-2018,21.69,61.37,SELL,14.86,280.64,0.00
03-06-2018,21.22,56.82,HOLD,12.33,232.93,0.00
03-05-2018,20.77,51.87,HOLD,9.96,188.03,0.00
03-02-2018,20.67,50.75,HOLD,9.45,178.49,0.00
03-01-2018,21.15,56.91,HOLD,11.99,226.48,0.00
02-28-2018,20.85,53.61,HOLD,10.39,196.17,0.00
02-27-2018,20.41,48.34,HOLD,8.08,152.67,0.00
02-26-2018,20.32,47.08,HOLD,7.56,142.85,0.00
02-23-2018,20.14,44.90,HOLD,6.66,125.73,0.00
02-22-2018,19.80,40.34,HOLD,4.84,91.49,0.00
02-21-2018,19.62,37.84,HOLD,3.89,73.53,0.00
02-20-2018,19.59,37.46,HOLD,3.74,70.72,0.00
02-16-2018,19.59,37.35,HOLD,3.70,69.88,0.00
02-15-2018,19.37,34.72,HOLD,2.57,48.55,0.00
02-14-2018,19.61,36.29,HOLD,3.82,72.13,0.00
02-13-2018,19.17,30.89,HOLD,1.49,28.06,0.00
02-12-2018,19.09,29.95,HOLD,1.08,20.49,0.00
02-09-2018,18.89,27.45,BUY,0.00,,
02-08-2018,18.42,21.48,SELL,-12.27,0.00,-257.63
02-07-2018,18.74,22.66,HOLD,-10.74,0.00,-225.36
02-06-2018,18.87,23.14,HOLD,-10.12,0.00,-212.45
02-05-2018,18.97,23.49,HOLD,-9.65,0.00,-202.62
02-02-2018,19.90,27.07,HOLD,-5.21,0.00,-109.45
02-01-2018,19.72,24.99,HOLD,-6.08,0.00,-127.69
01-31-2018,20.12,26.56,HOLD,-4.14,0.00,-87.00
01-30-2018,19.67,21.44,HOLD,-6.31,0.00,-132.46
01-29-2018,20.99,26.42,BUY,0.00,,
01-26-2018,23.22,41.47,HOLD,0.00,0.00,0.00
01-25-2018,24.82,66.84,HOLD,0.00,0.00,0.00
01-24-2018,24.80,66.61,HOLD,0.00,0.00,0.00
01-23-2018,25.01,71.55,HOLD,0.00,0.00,0.00
01-22-2018,24.96,71.06,HOLD,0.00,0.00,0.00
01-19-2018,24.83,69.90,HOLD,0.00,0.00,0.00
01-18-2018,24.81,69.64,HOLD,0.00,0.00,0.00
01-17-2018,24.73,68.95,HOLD,0.00,0.00,0.00
01-16-2018,24.16,63.37,HOLD,0.00,0.00,0.00
01-12-2018,24.35,67.03,HOLD,0.00,0.00,0.00
01-11-2018,24.37,67.46,HOLD,0.00,0.00,0.00
01-10-2018,23.75,60.88,HOLD,0.00,0.00,0.00
01-09-2018,23.65,59.75,HOLD,0.00,0.00,0.00
01-08-2018,23.96,65.59,HOLD,0.00,0.00,0.00
01-05-2018,23.97,65.70,HOLD,0.00,0.00,0.00
01-04-2018,23.79,63.98,HOLD,0.00,0.00,0.00
01-03-2018,23.38,59.50,HOLD,0.00,0.00,0.00
01-02-2018,23.13,56.55,HOLD,0.00,0.00,0.00
12-29-2017,22.81,52.29,HOLD,0.00,0.00,0.00
12-28-2017,22.74,51.32,HOLD,0.00,0.00,0.00
12-27-2017,22.81,52.22,HOLD,0.00,0.00,0.00
12-26-2017,22.84,52.67,HOLD,0.00,0.00,0.00
12-22-2017,23.04,55.24,HOLD,0.00,0.00,0.00
12-21-2017,23.16,56.94,HOLD,0.00,0.00,0.00
12-20-2017,23.39,59.95,HOLD,0.00,0.00,0.00
12-19-2017,23.39,59.92,HOLD,0.00,0.00,0.00
12-18-2017,23.79,65.17,HOLD,0.00,0.00,0.00
12-15-2017,22.73,55.64,HOLD,0.00,0.00,0.00
12-14-2017,22.38,51.64,HOLD,0.00,0.00,0.00
12-13-2017,22.50,53.19,HOLD,0.00,0.00,0.00
12-12-2017,22.24,50.14,HOLD,0.00,0.00,0.00
12-11-2017,22.25,50.27,HOLD,0.00,0.00,0.00
12-08-2017,21.68,43.34,HOLD,0.00,0.00,0.00
12-07-2017,21.30,37.99,HOLD,0.00,0.00,0.00
12-06-2017,21.07,34.49,HOLD,0.00,0.00,0.00
12-05-2017,20.90,31.95,HOLD,0.00,0.00,0.00
12-04-2017,21.02,32.79,HOLD,0.00,0.00,0.00
12-01-2017,22.44,46.49,HOLD,0.00,0.00,0.00
11-30-2017,21.96,38.38,HOLD,0.00,0.00,0.00
11-29-2017,21.89,37.09,HOLD,0.00,0.00,0.00
11-28-2017,23.17,57.47,HOLD,0.00,0.00,0.00
11-27-2017,22.99,54.14,HOLD,0.00,0.00,0.00
11-24-2017,22.72,48.63,HOLD,0.00,0.00,0.00
11-22-2017,22.67,47.65,HOLD,0.00,0.00,0.00
11-21-2017,23.08,56.62,HOLD,0.00,0.00,0.00
11-20-2017,22.81,50.83,HOLD,0.00,0.00,0.00
11-17-2017,22.87,52.37,HOLD,0.00,0.00,0.00
11-16-2017,22.82,51.42,HOLD,0.00,0.00,0.00
11-15-2017,22.53,44.63,HOLD,0.00,0.00,0.00
11-14-2017,22.87,52.47,HOLD,0.00,0.00,0.00
11-13-2017,22.96,54.82,HOLD,0.00,0.00,0.00
11-10-2017,23.18,60.90,HOLD,0.00,0.00,0.00
11-09-2017,22.98,56.86,HOLD,0.00,0.00,0.00
11-08-2017,23.10,60.42,HOLD,0.00,0.00,0.00
11-07-2017,23.15,61.85,HOLD,0.00,0.00,0.00
11-06-2017,22.88,56.47,HOLD,0.00,0.00,0.00
11-03-2017,22.70,52.24,HOLD,0.00,0.00,0.00
11-02-2017,22.97,60.56,HOLD,0.00,0.00,0.00
11-01-2017,23.13,65.88,HOLD,0.00,0.00,0.00
10-31-2017,23.23,69.78,HOLD,0.00,0.00,0.00
10-30-2017,23.34,73.95,HOLD,0.00,0.00,0.00
10-27-2017,23.54,82.77,HOLD,0.00,0.00,0.00
10-26-2017,23.29,80.01,HOLD,0.00,0.00,0.00
10-25-2017,23.18,78.72,HOLD,0.00,0.00,0.00
10-24-2017,23.36,87.97,HOLD,0.00,0.00,0.00
10-23-2017,23.21,86.77,HOLD,0.00,0.00,0.00
10-20-2017,23.08,85.61,HOLD,0.00,0.00,0.00
10-19-2017,22.91,83.94,HOLD,0.00,0.00,0.00
10-18-2017,22.83,83.06,HOLD,0.00,0.00,0.00
10-17-2017,22.73,81.92,HOLD,0.00,0.00,0.00
10-16-2017,22.76,83.52,HOLD,0.00,0.00,0.00
10-13-2017,22.64,82.29,HOLD,0.00,0.00,0.00
10-12-2017,22.53,81.08,HOLD,0.00,0.00,0.00
10-11-2017,22.27,77.70,HOLD,0.00,0.00,0.00
10-10-2017,22.19,76.53,HOLD,0.00,0.00,0.00
10-09-2017,22.24,79.01,HOLD,0.00,0.00,0.00
10-06-2017,22.18,78.20,HOLD,0.00,0.00,0.00
10-05-2017,22.18,78.20,HOLD,0.00,0.00,0.00
10-04-2017,21.95,75.16,HOLD,0.00,0.00,0.00
10-03-2017,21.97,75.76,HOLD,0.00,0.00,0.00
10-02-2017,21.87,74.51,HOLD,0.00,0.00,0.00
09-29-2017,21.67,71.50,HOLD,0.00,0.00,0.00
09-28-2017,21.65,71.24,HOLD,0.00,0.00,0.00
09-27-2017,21.64,71.11,HOLD,0.00,0.00,0.00
09-26-2017,21.36,66.75,HOLD,0.00,0.00,0.00
09-25-2017,21.31,65.83,HOLD,0.00,0.00,0.00
09-22-2017,21.61,76.97,HOLD,0.00,0.00,0.00
09-21-2017,21.50,75.51,HOLD,0.00,0.00,0.00
09-20-2017,21.56,78.09,HOLD,0.00,0.00,0.00
09-19-2017,21.56,78.06,HOLD,0.00,0.00,0.00
09-18-2017,21.57,78.36,HOLD,0.00,0.00,0.00
09-15-2017,21.60,79.60,HOLD,0.00,0.00,0.00
09-14-2017,21.71,83.16,HOLD,0.00,0.00,0.00
09-13-2017,21.53,81.91,HOLD,0.00,0.00,0.00
09-12-2017,21.40,80.91,HOLD,0.00,0.00,0.00
09-11-2017,21.18,79.15,HOLD,0.00,0.00,0.00
09-08-2017,20.84,76.04,HOLD,0.00,0.00,0.00
09-07-2017,20.90,77.93,HOLD,0.00,0.00,0.00
09-06-2017,20.96,79.78,HOLD,0.00,0.00,0.00
09-05-2017,20.99,80.79,HOLD,0.00,0.00,0.00
09-01-2017,20.98,80.71,HOLD,0.00,0.00,0.00
08-31-2017,21.03,81.99,HOLD,0.00,0.00,0.00
08-30-2017,20.83,80.83,HOLD,0.00,0.00,0.00
08-29-2017,20.47,78.45,HOLD,0.00,0.00,0.00
08-28-2017,20.43,78.18,HOLD,0.00,0.00,0.00
08-25-2017,20.13,76.05,HOLD,0.00,0.00,0.00
08-24-2017,19.62,71.63,HOLD,0.00,0.00,0.00
08-23-2017,19.42,69.56,HOLD,0.00,0.00,0.00
08-22-2017,19.28,68.10,HOLD,0.00,0.00,0.00
08-21-2017,18.82,62.48,HOLD,0.00,0.00,0.00
08-18-2017,18.75,61.48,HOLD,0.00,0.00,0.00
08-17-2017,18.63,59.92,HOLD,0.00,0.00,0.00
08-16-2017,18.86,64.80,HOLD,0.00,0.00,0.00
08-15-2017,18.58,61.18,HOLD,0.00,0.00,0.00
08-14-2017,19.01,71.52,HOLD,0.00,0.00,0.00
08-11-2017,17.69,45.03,HOLD,0.00,0.00,0.00
08-10-2017,17.73,46.13,HOLD,0.00,0.00,0.00
08-09-2017,17.99,55.32,HOLD,0.00,0.00,0.00
08-08-2017,18.09,59.11,HOLD,0.00,0.00,0.00
08-07-2017,18.09,59.11,HOLD,0.00,0.00,0.00
08-04-2017,18.07,58.67,HOLD,0.00,0.00,0.00
08-03-2017,17.96,55.84,HOLD,0.00,0.00,0.00
08-02-2017,17.92,54.63,HOLD,0.00,0.00,0.00
08-01-2017,18.09,60.62,HOLD,0.00,0.00,0.00
07-31-2017,18.04,59.28,HOLD,0.00,0.00,0.00
07-28-2017,17.88,55.42,HOLD,0.00,0.00,0.00
07-27-2017,17.83,54.02,HOLD,0.00,0.00,0.00
07-26-2017,17.97,58.41,HOLD,0.00,0.00,0.00
07-25-2017,17.88,56.32,HOLD,0.00,0.00,0.00
07-24-2017,17.87,56.06,HOLD,0.00,0.00,0.00
07-21-2017,17.86,55.81,HOLD,0.00,0.00,0.00
07-20-2017,17.94,58.18,HOLD,0.00,0.00,0.00
07-19-2017,17.86,56.46,HOLD,0.00,0.00,0.00
07-18-2017,17.60,51.07,HOLD,0.00,0.00,0.00
07-17-2017,17.66,52.27,HOLD,0.00,0.00,0.00
07-14-2017,17.18,39.74,HOLD,0.00,0.00,0.00
07-13-2017,17.20,40.31,HOLD,0.00,0.00,0.00
07-12-2017,17.28,41.95,HOLD,0.00,0.00,0.00
07-11-2017,17.27,41.42,HOLD,0.00,0.00,0.00
07-10-2017,17.26,41.27,HOLD,0.00,0.00,0.00
07-07-2017,17.26,41.32,HOLD,0.00,0.00,0.00
07-06-2017,17.07,36.87,HOLD,0.00,0.00,0.00
07-05-2017,17.06,36.60,HOLD,0.00,0.00,0.00
07-03-2017,16.94,33.75,HOLD,0.00,0.00,0.00
06-30-2017,17.15,36.34,HOLD,0.00,0.00,0.00
06-29-2017,17.06,34.41,HOLD,0.00,0.00,0.00
06-28-2017,17.60,41.60,HOLD,0.00,0.00,0.00
06-27-2017,17.39,36.96,HOLD,0.00,0.00,0.00
06-26-2017,17.81,43.51,HOLD,0.00,0.00,0.00
06-23-2017,17.85,44.35,HOLD,0.00,0.00,0.00
06-22-2017,17.84,43.99,HOLD,0.00,0.00,0.00
06-21-2017,17.77,42.63,HOLD,0.00,0.00,0.00
06-20-2017,17.46,36.07,HOLD,0.00,0.00,0.00
06-19-2017,17.59,37.69,HOLD,0.00,0.00,0.00
06-16-2017,17.43,34.27,HOLD,0.00,0.00,0.00
06-15-2017,17.36,32.58,HOLD,0.00,0.00,0.00
06-14-2017,17.45,33.53,HOLD,0.00,0.00,0.00
06-13-2017,17.63,35.47,HOLD,0.00,0.00,0.00
06-12-2017,17.47,32.22,HOLD,0.00,0.00,0.00
06-09-2017,17.56,33.07,HOLD,0.00,0.00,0.00
06-08-2017,18.27,41.11,HOLD,0.00,0.00,0.00
06-07-2017,19.04,54.27,HOLD,0.00,0.00,0.00
06-06-2017,18.84,50.49,HOLD,0.00,0.00,0.00
06-05-2017,18.69,47.51,HOLD,0.00,0.00,0.00
06-02-2017,19.15,57.70,HOLD,0.00,0.00,0.00
06-01-2017,19.44,65.96,HOLD,0.00,0.00,0.00
05-31-2017,19.47,66.91,HOLD,0.00,0.00,0.00
05-30-2017,19.29,64.12,HOLD,0.00,0.00,0.00
05-26-2017,19.31,64.52,HOLD,0.00,0.00,0.00
05-25-2017,19.27,63.94,HOLD,0.00,0.00,0.00
05-24-2017,19.10,61.49,HOLD,0.00,0.00,0.00
05-23-2017,18.91,58.42,HOLD,0.00,0.00,0.00
05-22-2017,18.91,58.42,HOLD,0.00,0.00,0.00
05-19-2017,18.22,44.93,HOLD,0.00,0.00,0.00
05-18-2017,18.15,43.11,HOLD,0.00,0.00,0.00
05-17-2017,18.21,44.31,HOLD,0.00,0.00,0.00
05-16-2017,18.67,54.37,HOLD,0.00,0.00,0.00
05-15-2017,18.60,52.68,HOLD,0.00,0.00,0.00
05-12-2017,18.23,43.59,HOLD,0.00,0.00,0.00
05-11-2017,18.55,51.68,HOLD,0.00,0.00,0.00
05-10-2017,18.80,59.53,HOLD,0.00,0.00,0.00
05-09-2017,18.87,62.12,HOLD,0.00,0.00,0.00
05-08-2017,18.98,66.13,HOLD,0.00,0.00,0.00
05-05-2017,18.88,64.26,HOLD,0.00,0.00,0.00
05-04-2017,18.61,58.15,HOLD,0.00,0.00,0.00
05-03-2017,18.57,57.10,HOLD,0.00,0.00,0.00
05-02-2017,18.78,64.77,HOLD,0.00,0.00,0.00
05-01-2017,18.96,72.36,HOLD,0.00,0.00,0.00
04-28-2017,18.83,70.02,HOLD,0.00,0.00,0.00
04-27-2017,18.92,74.08,HOLD,0.00,0.00,0.00
04-26-2017,18.82,72.36,HOLD,0.00,0.00,0.00
04-25-2017,18.62,68.64,HOLD,0.00,0.00,0.00
04-24-2017,18.57,67.68,HOLD,0.00,0.00,0.00
04-21-2017,18.08,54.09,HOLD,0.00,0.00,0.00
04-20-2017,18.21,60.53,HOLD,0.00,0.00,0.00
04-19-2017,18.11,56.85,HOLD,0.00,0.00,0.00
04-18-2017,18.07,55.39,HOLD,0.00,0.00,0.00
04-17-2017,18.03,53.94,HOLD,0.00,0.00,0.00
04-13-2017,17.94,50.42,HOLD,0.00,0.00,0.00
04-12-2017,17.93,50.21,HOLD,0.00,0.00,0.00
04-11-2017,18.27,66.32,HOLD,0.00,0.00,0.00
04-10-2017,18.22,64.57,HOLD,0.00,0.00,0.00
04-07-2017,18.21,64.23,HOLD,0.00,0.00,0.00
04-06-2017,18.02,57.86,HOLD,0.00,0.00,0.00
04-05-2017,17.97,55.90,HOLD,0.00,0.00,0.00
04-04-2017,18.01,58.13,HOLD,0.00,0.00,0.00
04-03-2017,17.92,54.67,HOLD,0.00,0.00,0.00
03-31-2017,17.98,57.76,HOLD,0.00,0.00,0.00
03-30-2017,17.96,56.88,HOLD,0.00,0.00,0.00
03-29-2017,17.93,56.02,HOLD,0.00,0.00,0.00
03-28-2017,17.84,52.83,HOLD,0.00,0.00,0.00
03-27-2017,17.78,50.82,HOLD,0.00,0.00,0.00
03-24-2017,17.78,50.82,HOLD,0.00,0.00,0.00
03-23-2017,17.70,48.06,HOLD,0.00,0.00,0.00
03-22-2017,17.67,47.10,HOLD,0.00,0.00,0.00
03-21-2017,17.52,41.75,HOLD,0.00,0.00,0.00
03-20-2017,17.98,58.28,HOLD,0.00,0.00,0.00
03-17-2017,18.01,59.90,HOLD,0.00,0.00,0.00
03-16-2017,17.96,58.19,HOLD,0.00,0.00,0.00
03-15-2017,17.89,55.70,HOLD,0.00,0.00,0.00
03-14-2017,17.82,53.41,HOLD,0.00,0.00,0.00
03-13-2017,17.82,53.52,HOLD,0.00,0.00,0.00
03-10-2017,17.82,53.34,HOLD,0.00,0.00,0.00
03-09-2017,17.72,50.32,HOLD,0.00,0.00,0.00
03-08-2017,17.83,53.93,HOLD,0.00,0.00,0.00
03-07-2017,17.69,49.91,HOLD,0.00,0.00,0.00
03-06-2017,17.60,46.79,HOLD,0.00,0.00,0.00
03-03-2017,17.80,53.43,HOLD,0.00,0.00,0.00
03-02-2017,17.81,53.72,HOLD,0.00,0.00,0.00
03-01-2017,17.98,59.87,HOLD,0.00,0.00,0.00
02-28-2017,17.82,55.27,HOLD,0.00,0.00,0.00
02-27-2017,17.97,61.36,HOLD,0.00,0.00,0.00
02-24-2017,18.03,63.74,HOLD,0.00,0.00,0.00
02-23-2017,17.99,62.94,HOLD,0.00,0.00,0.00
02-22-2017,18.18,70.77,HOLD,0.00,0.00,0.00
02-21-2017,18.27,75.19,HOLD,0.00,0.00,0.00
02-17-2017,18.13,72.75,HOLD,0.00,0.00,0.00
02-16-2017,18.28,80.37,HOLD,0.00,0.00,0.00
02-15-2017,18.28,80.37,HOLD,0.00,0.00,0.00
02-14-2017,18.20,79.42,HOLD,0.00,0.00,0.00
02-13-2017,18.19,79.36,HOLD,0.00,0.00,0.00
02-10-2017,18.17,79.03,HOLD,0.00,0.00,0.00
02-09-2017,18.24,82.27,HOLD,0.00,0.00,0.00
02-08-2017,18.20,81.86,HOLD,0.00,0.00,0.00
02-07-2017,18.20,82.08,HOLD,0.00,0.00,0.00
02-06-2017,18.14,81.55,HOLD,0.00,0.00,0.00
02-03-2017,18.06,80.91,HOLD,0.00,0.00,0.00
02-02-2017,17.95,80.02,HOLD,0.00,0.00,0.00
02-01-2017,17.71,77.91,HOLD,0.00,0.00,0.00
01-31-2017,17.68,77.63,HOLD,0.00,0.00,0.00
01-30-2017,17.52,76.22,HOLD,0.00,0.00,0.00
01-27-2017,17.55,77.12,HOLD,0.00,0.00,0.00
01-26-2017,16.73,67.65,HOLD,0.00,0.00,0.00
01-25-2017,16.86,71.88,HOLD,0.00,0.00,0.00
01-24-2017,16.77,70.78,HOLD,0.00,0.00,0.00
01-23-2017,16.36,64.13,HOLD,0.00,0.00,0.00
01-20-2017,16.63,74.49,HOLD,0.00,0.00,0.00
01-19-2017,16.50,72.61,HOLD,0.00,0.00,0.00
01-18-2017,16.44,71.56,HOLD,0.00,0.00,0.00
01-17-2017,16.26,68.66,HOLD,0.00,0.00,0.00
01-13-2017,16.33,71.12,HOLD,0.00,0.00,0.00
01-12-2017,16.18,68.72,HOLD,0.00,0.00,0.00
01-11-2017,16.16,68.44,HOLD,0.00,0.00,0.00
01-10-2017,15.99,65.68,HOLD,0.00,0.00,0.00
01-09-2017,15.85,63.14,HOLD,0.00,0.00,0.00
01-06-2017,15.94,65.85,HOLD,0.00,0.00,0.00
01-05-2017,15.51,57.18,HOLD,0.00,0.00,0.00
01-04-2017,15.44,55.31,HOLD,0.00,0.00,0.00
01-03-2017,15.31,52.23,HOLD,0.00,0.00,0.00
12-30-2016,15.43,55.54,HOLD,0.00,0.00,0.00
12-29-2016,15.51,58.02,HOLD,0.00,0.00,0.00
12-28-2016,15.53,58.69,HOLD,0.00,0.00,0.00
12-27-2016,15.73,64.87,HOLD,0.00,0.00,0.00
12-23-2016,15.74,65.23,HOLD,0.00,0.00,0.00
12-22-2016,15.67,64.08,HOLD,0.00,0.00,0.00
12-21-2016,16.08,78.05,HOLD,0.00,0.00,0.00
12-20-2016,16.01,77.29,HOLD,0.00,0.00,0.00
12-19-2016,15.83,75.08,HOLD,0.00,0.00,0.00
12-16-2016,15.84,75.60,HOLD,0.00,0.00,0.00
12-15-2016,15.93,78.82,HOLD,0.00,0.00,0.00
12-14-2016,15.21,69.06,HOLD,0.00,0.00,0.00
12-13-2016,15.09,66.60,HOLD,0.00,0.00,0.00
12-12-2016,15.13,68.08,HOLD,0.00,0.00,0.00
12-09-2016,15.15,68.85,HOLD,0.00,0.00,0.00
12-08-2016,15.13,68.62,HOLD,0.00,0.00,0.00
12-07-2016,15.13,68.53,HOLD,0.00,0.00,0.00
12-06-2016,14.98,66.19,HOLD,0.00,0.00,0.00
12-05-2016,14.89,64.77,HOLD,0.00,0.00,0.00
12-02-2016,14.80,63.33,HOLD,0.00,0.00,0.00
12-01-2016,14.56,58.98,HOLD,0.00,0.00,0.00
11-30-2016,15.03,74.92,HOLD,0.00,0.00,0.00
11-29-2016,14.95,73.78,HOLD,0.00,0.00,0.00
11-28-2016,14.63,68.65,HOLD,0.00,0.00,0.00
11-25-2016,14.65,69.20,HOLD,0.00,0.00,0.00
11-23-2016,14.46,65.86,HOLD,0.00,0.00,0.00
11-22-2016,14.62,72.00,HOLD,0.00,0.00,0.00
11-21-2016,14.72,76.20,HOLD,0.00,0.00,0.00
11-18-2016,14.59,74.42,HOLD,0.00,0.00,0.00
11-17-2016,14.54,73.64,HOLD,0.00,0.00,0.00
11-16-2016,14.21,68.25,HOLD,0.00,0.00,0.00
11-15-2016,14.05,64.95,HOLD,0.00,0.00,0.00
11-14-2016,13.75,57.02,HOLD,0.00,0.00,0.00
11-11-2016,13.79,58.83,HOLD,0.00,0.00,0.00
11-10-2016,13.82,60.05,HOLD,0.00,0.00,0.00
11-09-2016,13.86,61.23,HOLD,0.00,0.00,0.00
11-08-2016,13.94,64.55,HOLD,0.00,0.00,0.00
11-07-2016,13.90,63.61,HOLD,0.00,0.00,0.00
11-04-2016,13.64,57.72,HOLD,0.00,0.00,0.00
11-03-2016,13.69,59.20,HOLD,0.00,0.00,0.00
11-02-2016,13.75,61.45,HOLD,0.00,0.00,0.00
11-01-2016,13.60,58.04,HOLD,0.00,0.00,0.00
10-31-2016,13.78,64.20,HOLD,0.00,0.00,0.00
10-28-2016,13.72,62.91,HOLD,0.00,0.00,0.00
10-27-2016,13.56,59.56,HOLD,0.00,0.00,0.00
10-26-2016,13.11,46.12,HOLD,0.00,0.00,0.00
10-25-2016,13.19,48.63,HOLD,0.00,0.00,0.00
10-24-2016,13.45,59.20,HOLD,0.00,0.00,0.00
10-21-2016,13.26,52.07,HOLD,0.00,0.00,0.00
10-20-2016,13.39,58.28,HOLD,0.00,0.00,0.00
10-19-2016,13.39,58.42,HOLD,0.00,0.00,0.00
10-18-2016,13.38,58.14,HOLD,0.00,0.00,0.00
10-17-2016,13.30,55.43,HOLD,0.00,0.00,0.00
10-14-2016,13.26,54.01,HOLD,0.00,0.00,0.00
10-13-2016,13.23,52.98,HOLD,0.00,0.00,0.00
10-12-2016,13.22,52.80,HOLD,0.00,0.00,0.00
10-11-2016,13.23,53.08,HOLD,0.00,0.00,0.00
10-10-2016,13.34,56.61,HOLD,0.00,0.00,0.00
10-07-2016,13.49,62.15,HOLD,0.00,0.00,0.00
10-06-2016,13.58,65.62,HOLD,0.00,0.00,0.00
10-05-2016,13.60,66.49,HOLD,0.00,0.00,0.00
10-04-2016,13.43,63.05,HOLD,0.00,0.00,0.00
10-03-2016,13.45,63.74,HOLD,0.00,0.00,0.00
09-30-2016,13.41,63.04,HOLD,0.00,0.00,0.00
09-29-2016,13.35,61.82,HOLD,0.00,0.00,0.00
09-28-2016,13.43,64.30,HOLD,0.00,0.00,0.00
09-27-2016,13.41,63.98,HOLD,0.00,0.00,0.00
09-26-2016,13.44,64.76,HOLD,0.00,0.00,0.00
09-23-2016,13.47,65.65,HOLD,0.00,0.00,0.00
09-22-2016,13.48,65.79,HOLD,0.00,0.00,0.00
09-21-2016,13.59,68.44,HOLD,0.00,0.00,0.00
09-20-2016,13.68,70.54,HOLD,0.00,0.00,0.00
09-19-2016,13.68,70.73,HOLD,0.00,0.00,0.00
09-16-2016,13.60,69.99,HOLD,0.00,0.00,0.00
09-15-2016,13.72,72.46,HOLD,0.00,0.00,0.00
09-14-2016,13.57,71.25,HOLD,0.00,0.00,0.00
09-13-2016,13.61,72.07,HOLD,0.00,0.00,0.00
09-12-2016,13.86,77.00,HOLD,0.00,0.00,0.00
09-09-2016,13.77,76.47,HOLD,0.00,0.00,0.00
09-08-2016,14.12,83.35,HOLD,0.00,0.00,0.00
09-07-2016,13.47,80.25,HOLD,0.00,0.00,0.00
09-06-2016,12.76,75.59,HOLD,0.00,0.00,0.00
09-02-2016,12.06,69.03,HOLD,0.00,0.00,0.00
09-01-2016,12.21,72.86,HOLD,0.00,0.00,0.00
08-31-2016,12.54,82.51,HOLD,0.00,0.00,0.00
08-30-2016,12.67,86.75,HOLD,0.00,0.00,0.00
08-29-2016,12.99,98.25,HOLD,0.00,0.00,0.00
08-26-2016,12.84,98.14,HOLD,0.00,0.00,0.00
08-25-2016,12.74,98.07,HOLD,0.00,0.00,0.00
08-24-2016,12.80,100.00,HOLD,0.00,0.00,0.00
08-23-2016,12.63,100.00,HOLD,0.00,0.00,0.00
08-22-2016,12.25,100.00,HOLD,0.00,0.00,0.00
08-19-2016,12.21,100.00,HOLD,0.00,0.00,0.00
08-18-2016,12.00,,0,0.00,0.00,0.00
